0 0.1
1 0.1
2 0.3981089664004267
3 0.699970658981935
4 0.699970658981935
5 0.1301649588383398
6 0.1301649588383398
7 0.44535807970867625
8 0.44535807970867625
9 0.2586920914257308
10 0.2586920914257308
11 0.5448786674466122
12 0.5448786674466122
13 0.3036957784896584
14 0.3036957784896584
15 0.3217741018304351
16 0.3217741018304351
17 0.4577837683757312
18 0.4577837683757312
19 0.11103968469558706
20 0.11103968469558706
21 0.5174705423921584
22 0.3661822823092025
23 0.3661822823092025
24 0.501414901460393
25 0.19937193702267655
26 0.19937193702267655
27 0.2246992498859531
28 0.2246992498859531
29 0.32937917795874816
30 0.32937917795874816
31 0.23869083779907638
32 0.23869083779907638
33 0.5366602406088644
34 0.5366602406088644
35 0.60624639447857
36 0.60624639447857
37 0.7471371020265155
38 0.7471371020265155
39 0.37227847688279375
40 0.23083867948187597
41 0.23083867948187597
42 0.6122868184419287
43 0.6122868184419287
44 0.34494356055530667
45 0.34494356055530667
46 1.1453599491587325
47 1.1453599491587325
48 0.1
49 0.1
50 0.4182319937615626
51 0.4182319937615626
52 0.922828947988823
53 0.17260092888061124
54 0.17260092888061124
55 0.8728604845992765
56 0.8728604845992765
57 0.8429307788428899
58 0.9704656388326867
59 0.9704656388326867
60 0.8676897746931679
61 0.7010678048179025
62 0.7010678048179025
63 0.10800311518747985
64 0.3721659261764384
65 0.3721659261764384
66 0.12809276720874102
67 0.4367166183432884
68 0.4367166183432884
69 0.7070623276735865
70 0.7070623276735865
71 0.5155145343944106
72 0.16350803322109977
73 0.16350803322109977
74 0.23102258106192558
75 0.23102258106192558
76 0.162050342045314
77 0.162050342045314
78 0.30505619121679256
79 0.6013163657681627
80 0.6013163657681627
81 0.7234775504752006
82 0.689607582401132
83 0.689607582401132
84 0.5141105789533978
85 0.5141105789533978
86 1.07818784665508
87 1.07818784665508
88 0.5926325122482945
89 0.5926325122482945
90 0.557902775390343
91 0.7617753308630696
92 0.7617753308630696
93 0.3854306491879147
94 0.3854306491879147
95 1.0114711898406674
96 1.0114711898406674
97 0.20004868339280674
98 0.20004868339280674
99 0.1
100 0.1
101 0.2539720616048673
102 0.20965540152389045
103 0.1
104 0.1
105 0.15418336585548
106 0.15418336585548
107 0.1
108 0.1
109 0.5215531293742173
110 0.5215531293742173
111 0.1790474167113152
112 0.1790474167113152
113 0.3118825943189375
114 0.31877627431869066
115 0.31877627431869066
116 0.1
117 0.1
118 0.46683718525094325
119 0.46683718525094325
120 0.43839935593861096
121 0.43839935593861096
122 0.5820528326505655
123 0.1
124 0.1
125 0.22562256148639584
126 0.2502144768702611
127 0.2502144768702611
128 0.6866293422558176
129 0.6866293422558176
130 0.22128091621596574
131 0.22128091621596574
132 0.10504195486402715
133 0.10504195486402715
134 0.37401345482948045
135 0.37401345482948045
136 0.1
137 0.1
138 0.14201102899528137
139 0.14201102899528137
140 0.3063443339055839
141 0.3063443339055839
142 0.359585467605136
143 0.505810055099987
144 0.505810055099987
145 0.715961289697077
146 0.715961289697077
147 0.367510711781884
148 0.367510711781884
149 0.7848589999616713
150 0.6084758891506641
151 0.6084758891506641
152 0.8565307588358438
153 0.8565307588358438
154 0.8478815596675431
155 0.8478815596675431
156 0.4372903094688745
157 0.4372903094688745
158 0.4990905232593014
159 0.4990905232593014
160 0.8079478288961148
161 0.616592594037756
162 0.616592594037756
163 0.9488462596326942
164 0.5006993473449951
165 0.5006993473449951
166 0.6182015570192383
167 0.6182015570192383
168 0.577274127841818
169 0.577274127841818
170 0.38549657788828684
171 0.7422861250836538
172 0.7422861250836538
173 0.8564204075090831
174 0.8564204075090831
175 0.7321217285663555
176 0.7321217285663555
177 0.1
178 0.6991620996999994
179 0.6991620996999994
180 0.7239854532856832
181 0.7239854532856832
182 0.2727797602665896
183 0.2727797602665896
184 0.4361673870682605
185 0.4361673870682605
186 0.6864625496482563
187 0.6864625496482563
188 0.5983614995432752
189 0.5983614995432752
190 0.5575817566241437
191 0.5575817566241437
192 0.3699860912956532
193 0.3699860912956532
194 1.0855232271043493
195 1.0855232271043493
196 0.7513688196082888
197 0.7513688196082888
198 0.8525926620613422
199 0.8525926620613422
200 0.6396893936185458
201 0.6396893936185458
202 1.465282580592501
203 1.465282580592501
204 0.5713722478299978
205 0.2919937308872864
206 0.2919937308872864
207 0.3984364564231869
208 0.3984364564231869
209 0.37521843550522327
210 0.37521843550522327
211 1.411534668594919
212 1.411534668594919
213 0.6295103960476123
214 0.6295103960476123
215 0.43061216513917333
216 0.43061216513917333
217 0.20871541952887518
218 0.4028209381202903
219 0.4028209381202903
220 0.5739293822297757
221 0.5739293822297757
222 0.2513561606044617
223 0.3729850690670071
224 0.3729850690670071
225 0.39284536500382194
226 0.39284536500382194
227 0.6628620545863241
228 0.7005104569757763
229 0.7005104569757763
230 0.4440586726314656
231 0.4440586726314656
232 0.705178307282571
233 0.705178307282571
234 0.3159924139980467
235 0.3159924139980467
236 0.724154573723002
237 0.724154573723002
238 0.8290555115614486
239 0.8290555115614486
240 0.9474766530519245
241 0.9474766530519245
242 0.7623876418987299
243 0.9079679100233196
244 0.9079679100233196
245 0.4502330785788128
246 0.23262711720192186
247 0.23262711720192186
248 0.48721185686237833
249 0.48721185686237833
250 0.1
251 0.1
252 0.4694978596790625
253 0.6641623006533116
254 0.6641623006533116
255 0.34649149086606634
256 0.34649149086606634
257 0.5230857789656735
258 0.5230857789656735
259 0.46612877977281253
260 0.46612877977281253
261 0.5156090069427334
262 0.5156090069427334
263 0.5309791487192421
264 1.2476309326588497
265 1.2476309326588497
266 0.32735876949535875
267 0.32735876949535875
268 0.5933809455735899
269 0.5933809455735899
270 0.4628814274272732
271 0.4628814274272732
272 0.7391787208971256
273 0.26188498517447195
274 0.26188498517447195
275 0.4025649281774891
276 0.4025649281774891
277 0.3715326223466687
278 0.3715326223466687
279 0.41477321994702937
280 0.41477321994702937
281 0.12249166004537201
282 0.12249166004537201
283 0.5688509203340423
284 0.5688509203340423
285 0.3300849287456561
286 0.3300849287456561
287 0.5943148259168531
288 0.496337229998749
289 0.2824774267585613
290 0.2824774267585613
291 0.25849111022455695
292 0.25849111022455695
293 0.7719672082207496
294 0.7719672082207496
295 0.623156468802455
296 0.623156468802455
297 0.5469045396228658
298 0.5469045396228658
299 0.24171419095119348
300 0.6362927555196372
301 0.6362927555196372
302 0.8429709967113361
303 0.8429709967113361
304 0.3266868587803807
305 0.3266868587803807
306 0.7389008081239189
307 0.7389008081239189
308 0.5328993547911811
309 0.5328993547911811
310 0.2713334831173422
311 0.16895770337044308
312 0.16895770337044308
313 0.2925991858157797
314 0.2925991858157797
315 0.4750594635367923
316 0.4750594635367923
317 0.13962530997917794
318 0.13962530997917794
319 0.7029049304528853
