0 0.34334833221732897
1 0.4342042815875856
2 0.3491887822905315
3 0.34276809969085964
4 0.22657373201577785
5 0.3130260825190467
6 0.34393504812430414
7 0.3480748875799178
8 0.21295445676306046
9 0.3928482070838415
10 0.37509096210058235
11 0.3097768525889607
12 0.17329039237725746
13 0.27945639548341206
14 0.30485957891720833
15 0.2957806047977633
16 0.3276692779788218
17 0.3580195357603755
18 0.3480475555254463
19 0.22100701423397312
20 0.4429758654583931
21 0.46036766299499243
22 0.2454468096632789
23 0.4885485396198459
24 0.4637300351204701
25 0.33785918258039244
26 0.44714697856179536
27 0.27819246651112506
28 0.4759261612071991
29 0.4779381512804027
30 0.5154211758851774
31 0.4245652611028008
32 0.3153240147368086
33 0.4595751848130457
34 0.27331855557060275
35 0.42838196098672193
36 0.27137715789572403
37 0.37799282056828515
38 0.30123588589079175
39 0.3884838967416739
40 0.242617765921764
41 0.3696047511776842
42 0.33717802879233705
43 0.5289585613045077
44 0.44229219188255103
45 0.3473486066885372
46 0.49333126435121044
47 0.28234369415863464
48 0.22093465584830843
49 0.43041736023917276
50 0.41484433751856753
51 0.5305805268647608
52 0.38949697363733987
53 0.5256235165690033
54 0.4842928183777031
55 0.5029872324184417
56 0.2742884793426556
57 0.3755501751044489
58 0.3114918424326829
59 0.42129087220328115
60 0.2724010607342996
61 0.2789176754422951
62 0.5308638881789309
63 0.39031305015966067
64 0.3106950764574138
65 0.28740611380230047
66 0.3654500854705378
67 0.5105071553062138
68 0.25478319698192203
69 0.4184723148288592
70 0.5358729491886162
71 0.33986688247109587
72 0.25621000366503655
73 0.3659755500268358
74 0.27220898265030646
75 0.29785113305012145
76 0.49135649643449214
77 0.31121126205220706
78 0.2770228200057082
79 0.3690524853277404
80 0.3407612542475384
81 0.38306732624300094
82 0.5971050558030968
83 0.4711657563501269
84 0.3018113223676682
85 0.4240534269436265
86 0.34721371972897636
87 0.26580407104254183
88 0.49114534181307323
89 0.42555869692402426
90 0.32181955886447544
91 0.36689261933611045
92 0.3951692294964117
93 0.354360004650464
94 0.2454308210457527
95 0.3042824865644124
96 0.275501423305656
97 0.3933355632845827
98 0.4414800401095074
99 0.5328981024955513
100 0.290969842634618
101 0.1924858078920619
102 0.161726197847757
103 0.3207185658801706
104 0.2678185354643059
105 0.4145356357498811
106 0.35535904821546627
107 0.32150585270396526
108 0.2853649042927292
109 0.4560858305539233
110 0.23052180676913409
111 0.381183259883456
112 0.22602099262877653
113 0.42430583974957087
114 0.25470047989357036
115 0.2293377079333016
116 0.32711428313766766
117 0.28918646242926926
118 0.390665057942131
119 0.397772117784742
120 0.22851167837892344
121 0.40496562698092076
122 0.48016595318284533
123 0.4388128092305644
124 0.2068105919700816
125 0.29839526111596854
126 0.2752964769175948
127 0.5368111299715905
128 0.3962836968888694
129 0.38756834367751886
130 0.24054518373845477
131 0.2272312087632304
132 0.34862340305597656
133 0.3865950815875332
134 0.2948223494119383
135 0.3655704876080633
136 0.33798876217660406
137 0.34069008242846877
138 0.45832634438419106
139 0.4325153269521119
140 0.22478788550983464
141 0.4002277086155585
142 0.2900271241183347
143 0.3684458215430101
144 0.4566105776257359
145 0.4284509753544572
146 0.43884740661052507
147 0.27659232882256773
148 0.40804506926746537
149 0.37791038552177875
150 0.2934408121455004
151 0.24338764802192797
152 0.3413537059414097
153 0.366600761302022
154 0.3770357382834635
155 0.3550642043466595
156 0.3249127005085173
157 0.235507896257093
158 0.3397297034887893
159 0.2454684214634207
160 0.3906121872919014
161 0.3030216549382454
162 0.37758652252951397
163 0.24856922613683752
164 0.2528762080723042
165 0.21692888361029083
166 0.2764825727894885
167 0.3534844884519496
168 0.512886698826802
169 0.5170536655755371
170 0.42511129243869056
171 0.35413092055342477
172 0.3449215767309884
173 0.4131410599794554
174 0.3167391165656286
175 0.2670509412915656
176 0.4363554193806474
177 0.29888747223233775
178 0.36439664417342854
179 0.29320536942287345
180 0.4328887034659884
181 0.23814289199093586
182 0.38355523876048914
183 0.36949813384194347
184 0.37989604463922755
185 0.4442798584729555
186 0.22273342692997808
187 0.35127123861164467
188 0.3494964528624225
189 0.22158112398843754
190 0.44740600708895095
191 0.3544191160144864
192 0.19145463231486048
193 0.21782027538284265
194 0.41038565218932094
195 0.23961377650327179
196 0.35510462126618264
197 0.2711402742334951
198 0.30814882167535285
199 0.30606285866409666
200 0.27383654265622726
201 0.280543817068853
202 0.2865166780744394
203 0.40108973999127034
204 0.31955954472186154
205 0.3796922295456439
206 0.49866492495572257
207 0.3819195971443659
208 0.3651582032148264
209 0.3916073970089696
210 0.2821675182596716
211 0.34387743081788624
212 0.40721570243644445
213 0.2289172945137166
214 0.2659473373070854
215 0.19333242201876488
216 0.25081211093389466
217 0.195938815651558
218 0.24129767228842286
219 0.41114085964096214
220 0.3937221703917284
221 0.36129807335703895
222 0.46669395628691546
223 0.33272151880692685
224 0.26498066691143995
225 0.4161947226725508
226 0.19301062797163648
227 0.21146767811300804
228 0.27315763342264054
229 0.280803715972785
230 0.30185544705635575
231 0.5072505052419031
232 0.297394085295768
233 0.3618367834481268
234 0.45444525979445977
235 0.2589169540023859
236 0.3730976516128161
237 0.5641560267868193
238 0.27245089007998274
239 0.2455535737184589
240 0.22537602528207468
241 0.39917815990645766
242 0.2525641365629483
243 0.4754918466746217
244 0.3917041918405355
245 0.456982652896333
246 0.2916476798222431
247 0.44123327043991806
248 0.5225152223344659
249 0.49441816261940885
250 0.3354715102199527
251 0.26829549034289857
252 0.45442147312848963
253 0.5470673468279212
254 0.27052380131143
255 0.23562597871776664
256 0.32480036997827144
257 0.3861306077242634
258 0.2631018322020417
259 0.19609306807413618
260 0.2492048923683198
261 0.24812658869507628
262 0.45779605611222557
263 0.4649981444778125
264 0.509925670412788
265 0.2993402915037787
266 0.43245197606744296
267 0.3286021184150319
268 0.18651277999655913
269 0.27424496741673887
270 0.24786834102310099
271 0.2612458536231906
272 0.3572253281991995
273 0.3278999019270334
274 0.38357637987339
275 0.5355323882724251
276 0.31120464670185793
277 0.20538658173474444
278 0.2774462396389217
279 0.18513256332089717
280 0.22548591036196597
281 0.3944605296419855
282 0.31280342101810726
283 0.3032863670626252
284 0.27780519684156646
285 0.21272010735714544
286 0.34052283317733983
287 0.21397835630283252
288 0.4113422900380878
289 0.37947950186092244
290 0.44229226272885336
291 0.2888273989427889
292 0.2917024338638025
293 0.3363942324267882
294 0.49008522202332144
295 0.3332939668632753
296 0.17033873256426135
297 0.286843395241904
298 0.3480818815779572
299 0.4329020513959037
300 0.34933777323948234
301 0.22154231412261183
302 0.4241902509428768
303 0.38475256273218167
304 0.4079399275188591
305 0.24720109966586862
306 0.3197942657586305
307 0.3797665178474125
308 0.33766600374575895
309 0.30358760313416305
310 0.5078096562993549
311 0.2657475614306844
312 0.43093143764564157
313 0.4152706437834998
314 0.27704252278970165
315 0.4239374953640326
316 0.283644151280652
317 0.3153671157207276
318 0.3540591724847349
319 0.25576580481346467
