0 1.095314204159091
1 1.700002006382512
2 2.357748660231315
3 1.847656239354191
4 2.394715710415269
5 1.8692603112953372
6 1.4671653554320436
7 1.6949363955237515
8 2.381252792498348
9 1.8800972547107924
10 1.8800972547107924
11 1.95402316102625
12 1.5134222097597523
13 1.4726376326596375
14 2.1012811811166916
15 1.859612541658922
16 1.859612541658922
17 1.859612541658922
18 2.621960556232334
19 2.0524757462758645
20 2.0524757462758645
21 1.7296602038896332
22 2.2947926970970918
23 1.5613592078795804
24 2.265542236486095
25 1.5286715790194534
26 1.238233166255388
27 1.9803986706299943
28 2.673891623688794
29 1.9010792723175105
30 1.8891438346638618
31 2.2373198171709126
32 1.699144477229056
33 1.699144477229056
34 1.699144477229056
35 1.3468548343987714
36 2.0062244287839865
37 2.0062244287839865
38 1.944609560450144
39 2.5123572357120145
40 2.5123572357120145
41 1.4334423964252654
42 1.4853880457054889
43 1.9191268351643536
44 1.0130929843548264
45 1.0130929843548264
46 1.5329348154015596
47 1.2705785087663164
48 1.7465571777273856
49 1.7465571777273856
50 1.7465571777273856
51 1.968296899559895
52 1.968296899559895
53 1.4936186693565445
54 1.4936186693565445
55 1.0525545393328704
56 1.0525545393328704
57 2.1361841429299524
58 2.9191922576996
59 2.9191922576996
60 1.8766635010306525
61 1.7176643493320485
62 2.2841413470157117
63 1.8399231779121032
64 1.4996470158738715
65 1.446749846722263
66 1.5162267723575142
67 2.6399744085180337
68 2.48173856714335
69 2.48173856714335
70 2.0717835872745844
71 1.9426287104746236
72 1.455459732719383
73 2.2025033840927897
74 1.0410040026078409
75 2.232305437865221
76 2.4520522974543812
77 2.4520522974543812
78 2.1188062814133346
79 1.60564856770884
80 2.19151961063959
81 1.811121570370147
82 2.1970305100394274
83 2.1970305100394274
84 1.8503278120585147
85 2.0503187920503216
86 1.6736160661269548
87 1.2987498178927899
88 1.120000017606755
89 1.1693922084316766
90 1.119116785859737
91 1.7551004584914176
92 1.6750612818123973
93 1.9490337256404602
94 1.9490337256404602
95 2.2098846986056624
96 1.4397838435481038
97 1.3181455392019283
98 1.8208613795071542
99 1.4707127136382203
100 1.4617297241121998
101 1.4617297241121998
102 2.2157889032408655
103 1.6893384053591212
104 1.7777129240487695
105 1.6207495759260653
106 1.3794558632647305
107 1.3794558632647305
108 1.3794558632647305
109 1.3794558632647305
110 1.1729550208768198
111 1.9006177553834107
112 1.8190808368411933
113 1.6422849787999052
114 1.331366090668169
115 2.3531928563243474
116 1.9399396228049572
117 2.115094470340048
118 1.7953289103700798
119 1.7953289103700798
120 1.4714000969999035
121 1.9495787816091428
122 1.4579785739716231
123 1.6625363690594719
124 1.6625363690594719
125 1.6625363690594719
126 2.20510449594021
127 1.6647088970221997
128 1.9420937912629055
129 1.2070080432878174
130 2.0763162619182367
131 2.618729564480511
132 2.485652654869768
133 2.485652654869768
134 2.3309450207754843
135 2.037387542739603
136 2.037387542739603
137 1.907671434036938
138 1.2416147916994282
139 1.2416147916994282
140 1.6039372336579414
141 1.994354043345551
142 1.5459104405469164
143 1.5459104405469164
144 2.457525856471306
145 2.457525856471306
146 1.3216291596910295
147 1.8802743884932607
148 1.3217497695699005
149 1.5887304375495443
150 1.3959049389872487
151 1.2026106368823228
152 2.2695758628520233
153 1.3157844518079698
154 1.630032441670965
155 1.6259842557033655
156 1.5302351694535432
157 1.290890381794017
158 1.026123438276502
159 1.026123438276502
160 1.0989636471000397
161 2.018822224323835
162 1.7318361295923577
163 2.2811874381717328
164 2.369441180369776
165 2.506915065592369
166 1.9100519700796412
167 2.3836048919671935
168 1.4272357919553946
169 2.6398659851090343
170 2.26978283975642
171 1.9387069734017515
172 2.4745568867178918
173 1.59036691552823
174 2.5675371178850237
175 1.2835587260930257
176 1.9559476182209947
177 1.9559476182209947
178 1.6468014016417094
179 1.6468014016417094
180 1.2746654108335098
181 1.1737392514246527
182 1.5687071247277997
183 1.5687071247277997
184 1.2311232278599447
185 2.0006087542988147
186 3.075778582885947
187 2.008409027437501
188 1.3650351574304245
189 2.409073513507567
190 1.4132260409714483
191 1.4132260409714483
192 2.109012532804803
193 1.5444814456258444
194 0.8778800380456918
195 2.3601989909424064
196 1.5319111713257398
197 1.4093352055153918
198 2.230521689508093
199 1.9352504983714105
200 1.6509234584661971
201 1.6348565525893668
202 1.6348565525893668
203 1.6348565525893668
204 1.4424251286538488
205 1.3318762229179995
206 1.0255127803717259
207 1.4311246107096895
208 2.0480674815589883
209 2.129629309736475
210 2.2778722417075303
211 2.2778722417075303
212 2.77114458124488
213 2.188943558616427
214 2.188943558616427
215 1.8910626564245454
216 1.5028316558374122
217 2.339968670030063
218 2.6807642837846277
219 2.6807642837846277
220 2.4519351064328245
221 1.3598602638332054
222 2.0311410389125326
223 2.023030983545073
224 1.2953088024247557
225 2.4986379141419652
226 2.4986379141419652
227 1.2034454976692377
228 2.0692419530517907
229 2.4382660571017665
230 1.2891821534063888
231 1.9502915711912834
232 1.6918290375744274
233 2.7213440666651185
234 2.296886278389678
235 0.9656871735604237
236 1.9491410349205835
237 2.620220186857538
238 1.781813079020765
239 1.9139732443779258
240 2.1414148603480783
241 1.4835385632053506
242 1.4835385632053506
243 2.1464209436883745
244 2.086182457103088
245 2.5178830775754832
246 1.554141457784493
247 2.031382846535365
248 1.4708820378401375
249 1.5047982032824896
250 1.6116005612315196
251 1.6116005612315196
252 1.464608371025582
253 2.1047958094290635
254 1.1367592732732372
255 1.1367592732732372
256 1.5133443253739136
257 1.9513763162687119
258 1.1116913725272082
259 2.002671729036646
260 1.5513094189679508
261 1.48535554554999
262 2.354821130455786
263 1.6637547075731411
264 1.9314692247327916
265 1.522455341094653
266 1.521893302201156
267 2.2161090820878115
268 1.9939717068808938
269 1.2558769341279465
270 1.6969542660389163
271 2.195248471320671
272 2.6067130153280376
273 2.3220648683205165
274 1.4657563119242967
275 1.9035494342775978
276 1.4527440092356354
277 1.191321098497909
278 1.8344101121035985
279 1.92643839131454
280 1.92643839131454
281 0.9892655053611319
282 1.2279893549398886
283 1.2802141767130197
284 1.47021142196948
285 2.19605056672742
286 1.3106901995819658
287 1.8989478533507564
288 1.8989478533507564
289 2.0007253833113885
290 1.6029561714383251
291 1.8449206161381895
292 0.9963166008785533
293 1.6390857746466714
294 1.6390857746466714
295 2.3310936335457857
296 1.8617904099068452
297 1.1790860842218442
298 1.7646699797520657
299 1.4014538119587518
300 1.0484401896023372
301 1.9270743521676292
302 1.5768484840787376
303 2.2464974613751627
304 1.2891219286809408
305 1.9901950946347846
306 1.2554099357512565
307 1.6483843373235132
308 2.130891482463943
309 1.8793387706301334
310 1.3152031582062063
311 2.4733783953235307
312 1.5715019037114766
313 1.3801928654759104
314 1.722845652633283
315 1.7181290689443505
316 1.5412855906006604
317 1.6098238233079363
318 1.0481381551408213
319 1.7833765628825775
