0 0.4346341972833554
1 0.4346341972833554
2 0.12275241208448556
3 0.6558169215709821
4 0.6558169215709821
5 0.10213699197126652
6 0.10213699197126652
7 0.38135799638427215
8 0.38135799638427215
9 0.6125431824631852
10 0.6125431824631852
11 0.3271744172490826
12 0.3271744172490826
13 0.14933563782952666
14 0.14933563782952666
15 0.1
16 0.1
17 0.37270913693796165
18 0.37270913693796165
19 0.558976154705654
20 0.558976154705654
21 0.5522771483043585
22 0.5522771483043585
23 0.43555419459982037
24 0.43555419459982037
25 0.30226396670337946
26 0.30226396670337946
27 0.5200644448759337
28 0.5200644448759337
29 0.1
30 0.1
31 0.6225821040498577
32 0.3551744155175025
33 0.1
34 0.1
35 0.38671926689375924
36 0.38671926689375924
37 0.34228490983210835
38 0.34228490983210835
39 0.19555242547034618
40 0.19555242547034618
41 0.2541255487488167
42 0.32037398123331895
43 0.32037398123331895
44 0.2013195372377577
45 0.2013195372377577
46 0.4059466675680242
47 0.4059466675680242
48 0.3014682025007487
49 0.5592616204817504
50 0.5592616204817504
51 0.6001910794022564
52 0.6001910794022564
53 0.3540094166022977
54 0.3540094166022977
55 0.1
56 0.1
57 0.44373922788704184
58 0.44373922788704184
59 0.3672169722098647
60 0.3672169722098647
61 0.33286068792759893
62 0.33286068792759893
63 0.24418439615969362
64 0.3812897563564843
65 0.3812897563564843
66 0.1921967784689172
67 0.1921967784689172
68 0.8302962155590299
69 0.8302962155590299
70 0.3092023709826415
71 0.3092023709826415
72 0.14919736388661203
73 0.2405895218566264
74 0.2405895218566264
75 0.28894327136227554
76 0.28894327136227554
77 0.39145603507305926
78 0.39145603507305926
79 0.46464024033890516
80 0.2192243222122705
81 0.2192243222122705
82 0.1
83 0.1
84 0.5064670760807096
85 0.36618336430872633
86 0.36618336430872633
87 0.1
88 0.1
89 0.5196270032480408
90 0.6100023495728366
91 1.0671784086566944
92 0.2872776624618336
93 0.2872776624618336
94 0.2329484938517948
95 0.2329484938517948
96 0.3394423521548633
97 0.3394423521548633
98 0.22854352866376648
99 0.22854352866376648
100 0.3054012911528137
101 0.42564253643207134
102 0.42564253643207134
103 0.7005682566646054
104 0.7005682566646054
105 0.8358137053264902
106 0.8358137053264902
107 0.805625698691568
108 0.805625698691568
109 0.26513198145305383
110 0.8313412759672287
111 0.49314054426561266
112 0.49314054426561266
113 0.3515843438046777
114 0.3515843438046777
115 0.6140128957454052
116 0.6140128957454052
117 0.6160455263498359
118 0.6160455263498359
119 0.3858959177905102
120 0.3858959177905102
121 0.5083757995927005
122 0.5083757995927005
123 0.5487724732630243
124 0.5487724732630243
125 0.7886883823308466
126 0.5926141253745534
127 0.5926141253745534
128 0.5133841917723536
129 0.5133841917723536
130 0.7102275558574742
131 0.7102275558574742
132 0.44806042218576647
133 0.44806042218576647
134 0.33082760732237126
135 0.33082760732237126
136 0.6388507197368086
137 0.6388507197368086
138 0.3371445446130191
139 0.4346353363311307
140 0.4346353363311307
141 0.4244930195002271
142 0.4244930195002271
143 0.5938978168386351
144 0.5938978168386351
145 0.6302443968966587
146 0.6302443968966587
147 0.19950036773130214
148 0.19950036773130214
149 0.39913664493014817
150 0.39913664493014817
151 0.11667540557866057
152 0.11667540557866057
153 0.4591701125110399
154 0.4591701125110399
155 0.3985713067337848
156 0.3985713067337848
157 0.3436030755356846
158 0.3436030755356846
159 0.2883614269041176
160 0.2883614269041176
161 0.3509415101553218
162 0.3509415101553218
163 0.23661867181480897
164 0.23661867181480897
165 0.5059062994185529
166 0.5411687141810432
167 0.5411687141810432
168 0.1
169 0.1
170 0.33898760118903426
171 0.3101211031144861
172 0.3101211031144861
173 0.3513174283597408
174 0.3513174283597408
175 0.5857903668537551
176 0.5857903668537551
177 0.1
178 0.1
179 0.3478081450138638
180 0.2140630480002435
181 0.43244893072419643
182 0.5292197991758417
183 0.5292197991758417
184 0.41358007007230635
185 0.38707029251361935
186 0.4027446891244542
187 0.4027446891244542
188 0.45210689669999155
189 0.45210689669999155
190 0.10126063474821978
191 0.10126063474821978
192 0.6805559010610396
193 0.6196710099055149
194 0.6196710099055149
195 0.1716022593479471
196 0.1716022593479471
197 0.1
198 0.1
199 0.23166048115349563
200 0.23166048115349563
201 0.2699779049289702
202 0.5623375075904025
203 0.5623375075904025
204 0.17242100533624907
205 0.17242100533624907
206 0.5576458905872497
207 0.5576458905872497
208 0.2784815116022948
209 0.2784815116022948
210 0.3410263062515045
211 0.3410263062515045
212 0.5806971264943348
213 0.5806971264943348
214 0.15494252264956127
215 0.15494252264956127
216 0.5904144883890253
217 0.5904144883890253
218 0.2312604774314379
219 0.2312604774314379
220 0.8080652804645836
221 0.8080652804645836
222 0.2623306833820677
223 0.2623306833820677
224 0.1925435507337338
225 0.5544880940642034
226 0.5544880940642034
227 0.15582105022497522
228 0.15582105022497522
229 0.47844032466059155
230 0.47844032466059155
231 0.40924047917918455
232 0.40924047917918455
233 0.696347450166562
234 0.696347450166562
235 0.46077769854920625
236 0.46077769854920625
237 0.7965216547685074
238 0.7965216547685074
239 0.5116693977378406
240 0.3317695445300475
241 0.3317695445300475
242 0.539857527585609
243 0.539857527585609
244 0.24662888330667432
245 0.24662888330667432
246 0.39371335396659085
247 0.3128823741619759
248 0.3128823741619759
249 0.5213482918715964
250 0.5213482918715964
251 0.33428411849311784
252 0.33428411849311784
253 0.3998460461203777
254 0.9023012055041191
255 0.9023012055041191
256 0.7523569560196156
257 0.38092914073551487
258 0.38092914073551487
259 0.1
260 0.1
261 0.2727443224421078
262 0.2727443224421078
263 0.5049652310873274
264 0.5049652310873274
265 0.1
266 0.1
267 0.3237747641467301
268 0.3237747641467301
269 0.2517487832230916
270 0.2517487832230916
271 0.28948744196068427
272 0.28948744196068427
273 0.15121368323230436
274 0.15121368323230436
275 0.2816482933834548
276 0.2816482933834548
277 0.44326554050370814
278 0.44326554050370814
279 0.1
280 0.1
281 0.47241134959440867
282 0.47241134959440867
283 0.3299254844241719
284 0.41980035485795275
285 0.41980035485795275
286 0.4764834291147135
287 0.4764834291147135
288 0.10995048989732215
289 0.10995048989732215
290 0.29010037619940116
291 0.7314463849622634
292 0.7314463849622634
293 0.4276752792748027
294 0.4276752792748027
295 0.16148721742660666
296 0.16148721742660666
297 0.1
298 0.1
299 0.268061953377102
300 0.268061953377102
301 0.18954781309853252
302 0.18954781309853252
303 0.36011639518561656
304 0.2479150400449802
305 0.2479150400449802
306 0.5453280429381515
307 0.5453280429381515
308 0.2854524249143474
309 0.2854524249143474
310 0.4061124930216129
311 0.4035743345645085
312 0.2530861886261961
313 0.2530861886261961
314 0.14016394754790332
315 0.4306369714084796
316 0.4306369714084796
317 0.6563094024404232
318 0.17724096891529234
319 0.17724096891529234
