0 0.5902903504414778
1 0.5902903504414778
2 0.5902903504414778
3 0.5902903504414778
4 1.1094890787336598
5 1.1094890787336598
6 1.1094890787336598
7 1.1094890787336598
8 3.1257763686292415
9 3.1257763686292415
10 3.1257763686292415
11 3.1257763686292415
12 1.8665868200149789
13 1.8665868200149789
14 1.8665868200149789
15 1.8665868200149789
16 4.443217759071515
17 4.443217759071515
18 3.6189693927836624
19 3.6189693927836624
20 3.6189693927836624
21 3.6189693927836624
22 1.908829173935022
23 1.908829173935022
24 1.908829173935022
25 1.908829173935022
26 2.268250972841635
27 2.268250972841635
28 2.268250972841635
29 2.268250972841635
30 2.5678899891774503
31 2.5678899891774503
32 2.038465842872517
33 2.038465842872517
34 2.038465842872517
35 2.038465842872517
36 1.5291147423643694
37 1.5291147423643694
38 1.5291147423643694
39 1.5291147423643694
40 3.8059368379725833
41 3.8059368379725833
42 1.6485897005892192
43 1.6485897005892192
44 1.6485897005892192
45 1.6485897005892192
46 1.577104310522966
47 1.577104310522966
48 1.577104310522966
49 1.577104310522966
50 0.7473017571518666
51 0.7473017571518666
52 0.7473017571518666
53 2.932536452734175
54 1.4415198853269127
55 2.9122784710964584
56 2.9122784710964584
57 2.4542348011564576
58 2.4542348011564576
59 2.4542348011564576
60 2.4542348011564576
61 2.268435942638953
62 2.2998585184223614
63 2.2998585184223614
64 2.2998585184223614
65 1.0740088234088616
66 1.0740088234088616
67 1.0740088234088616
68 1.0740088234088616
69 3.2210286928840173
70 3.255775212692597
71 3.255775212692597
72 2.3999035435516882
73 2.3999035435516882
74 2.3999035435516882
75 2.428053547741959
76 2.428053547741959
77 2.428053547741959
78 2.428053547741959
79 2.624122101103705
80 2.624122101103705
81 2.624122101103705
82 2.624122101103705
83 1.2429477065182666
84 1.2429477065182666
85 1.2429477065182666
86 1.2429477065182666
87 1.093082776692909
88 1.093082776692909
89 1.093082776692909
90 2.8407464318900413
91 2.8407464318900413
92 2.8407464318900413
93 2.8407464318900413
94 1.244944907399443
95 1.244944907399443
96 0.7504322757617552
97 0.7504322757617552
98 2.704775186437834
99 2.704775186437834
100 2.704775186437834
101 2.704775186437834
102 3.1961772624441673
103 3.1961772624441673
104 3.1961772624441673
105 3.1961772624441673
106 3.586952356788314
107 3.586952356788314
108 3.586952356788314
109 3.586952356788314
110 1.165034383502543
111 1.165034383502543
112 1.165034383502543
113 1.165034383502543
114 0.24182234239275324
115 0.24182234239275324
116 2.4287639313610727
117 2.4287639313610727
118 2.4287639313610727
119 0.9392935403530958
120 0.9392935403530958
121 0.9392935403530958
122 0.9392935403530958
123 2.4635637599789253
124 2.4635637599789253
125 3.077684557055474
126 3.077684557055474
127 3.077684557055474
128 3.077684557055474
129 0.1
130 0.1
131 0.1
132 0.1
133 0.9161830470455281
134 0.9161830470455281
135 0.9161830470455281
136 0.9161830470455281
137 3.5576012329900113
138 1.924632028029826
139 1.924632028029826
140 1.924632028029826
141 1.924632028029826
142 1.650348041411625
143 1.650348041411625
144 1.650348041411625
145 1.650348041411625
146 1.7475005761973552
147 1.7475005761973552
148 2.0976868974257035
149 1.7556480254489326
150 1.7556480254489326
151 1.7556480254489326
152 1.7556480254489326
153 1.8401320660136546
154 1.8401320660136546
155 1.8401320660136546
156 1.077518664510857
157 1.077518664510857
158 1.077518664510857
159 1.077518664510857
160 3.863004479017037
161 3.863004479017037
162 3.863004479017037
163 3.863004479017037
164 1.797476372391763
165 1.5171759870107884
166 1.5171759870107884
167 1.5171759870107884
168 1.5171759870107884
169 1.8423005035689444
170 1.8423005035689444
171 1.8423005035689444
172 1.8423005035689444
173 0.814029959394374
174 0.814029959394374
175 2.7365973116734366
176 2.7365973116734366
177 1.1880049879846453
178 1.1880049879846453
179 4.954678891743924
180 4.954678891743924
181 4.954678891743924
182 4.954678891743924
183 2.5865909070953226
184 1.5427027526772674
185 1.5427027526772674
186 1.5427027526772674
187 0.26976407305027417
188 1.570907351703649
189 1.570907351703649
190 1.570907351703649
191 1.570907351703649
192 2.7830826670429554
193 2.7830826670429554
194 2.7830826670429554
195 2.7830826670429554
196 1.6822282316683457
197 1.657924298453493
198 1.657924298453493
199 1.657924298453493
200 1.657924298453493
201 2.7692511578232164
202 2.7692511578232164
203 2.7692511578232164
204 2.7692511578232164
205 3.699868271417533
206 3.699868271417533
207 3.699868271417533
208 3.699868271417533
209 2.0743632468609468
210 2.0743632468609468
211 2.0743632468609468
212 2.0743632468609468
213 3.2603365172572194
214 3.2603365172572194
215 3.2603365172572194
216 0.788001361119721
217 0.788001361119721
218 0.788001361119721
219 0.788001361119721
220 1.3160422101743727
221 2.2153865535354087
222 2.2153865535354087
223 1.6259180530432362
224 1.6259180530432362
225 1.6259180530432362
226 1.6259180530432362
227 2.3958645792381725
228 2.3958645792381725
229 1.0193579357662759
230 1.0193579357662759
231 1.0193579357662759
232 1.0193579357662759
233 1.030788382820543
234 1.7650412507880513
235 4.3241348398586625
236 4.3241348398586625
237 4.3241348398586625
238 4.3241348398586625
239 1.7699715972810668
240 1.4056498733396712
241 1.4056498733396712
242 1.4056498733396712
243 1.4056498733396712
244 2.6718265482093635
245 2.6718265482093635
246 2.6718265482093635
247 2.6718265482093635
248 3.07370149665235
249 3.07370149665235
250 0.8028868430023713
251 0.8028868430023713
252 0.8028868430023713
253 0.8028868430023713
254 1.4718931427387485
255 1.4718931427387485
256 1.4718931427387485
257 1.4718931427387485
258 1.7451844954174083
259 1.7451844954174083
260 1.7451844954174083
261 1.7451844954174083
262 2.3445860229724538
263 2.3445860229724538
264 2.3445860229724538
265 2.3445860229724538
266 3.6434664657839972
267 3.6434664657839972
268 3.6434664657839972
269 3.6434664657839972
270 3.0389428939689016
271 0.5222094606811838
272 0.5222094606811838
273 0.5222094606811838
274 0.5222094606811838
275 1.878363363633965
276 2.126786972785683
277 2.126786972785683
278 2.126786972785683
279 2.126786972785683
280 1.680291006439866
281 1.680291006439866
282 1.680291006439866
283 1.680291006439866
284 1.1695395544091278
285 1.1695395544091278
286 1.1695395544091278
287 1.1695395544091278
288 1.7330668761412698
289 1.7330668761412698
290 0.9540986096996332
291 0.9540986096996332
292 0.9540986096996332
293 0.9540986096996332
294 1.408209577093963
295 1.408209577093963
296 1.2044638318136256
297 1.2044638318136256
298 1.2044638318136256
299 4.019344146325328
300 4.019344146325328
301 4.019344146325328
302 4.019344146325328
303 3.513882952711368
304 3.513882952711368
305 3.513882952711368
306 3.513882952711368
307 2.900369349389718
308 2.900369349389718
309 2.900369349389718
310 2.20300934121127
311 2.20300934121127
312 0.6121018750727987
313 1.6186812722208672
314 1.6186812722208672
315 1.6186812722208672
316 1.6186812722208672
317 1.2058788094366455
318 1.2058788094366455
319 1.2058788094366455
