0 3.811968527108403
1 3.811968527108403
2 3.4005837218760973
3 3.4005837218760973
4 3.674816916205156
5 3.674816916205156
6 3.6280126075916224
7 3.0232800438765564
8 3.0232800438765564
9 2.9868747560149065
10 2.9868747560149065
11 2.6795670689674402
12 2.6795670689674402
13 2.8290221302098044
14 1.9921518026112646
15 1.9921518026112646
16 1.8307899866186976
17 1.8307899866186976
18 1.8526472758241266
19 1.8526472758241266
20 1.7562757354682494
21 1.7562757354682494
22 1.627540259607688
23 2.887110909022051
24 1.6733440934590056
25 1.6733440934590056
26 2.095243387653323
27 2.095243387653323
28 1.5795100781030584
29 1.5795100781030584
30 1.007366318568317
31 1.5151546674902163
32 1.0282080078136717
33 2.912882082983646
34 2.912882082983646
35 2.0245617318865112
36 2.0245617318865112
37 2.453830578205471
38 2.142303026568883
39 2.142303026568883
40 2.287950749751448
41 2.287950749751448
42 3.5742518428066985
43 3.5742518428066985
44 3.3343526005455244
45 3.3343526005455244
46 3.8288510754197813
47 3.8288510754197813
48 1.327099987727611
49 1.327099987727611
50 1.2882564889158012
51 3.4470710626794
52 3.2422373806804092
53 3.2422373806804092
54 2.437783129706588
55 2.437783129706588
56 1.9891691035706591
57 1.9891691035706591
58 2.0587708351811793
59 2.0587708351811793
60 1.709635586555384
61 1.709635586555384
62 2.0096732413747316
63 2.0096732413747316
64 2.155799663356036
65 2.155799663356036
66 0.8934743750758266
67 3.844503064199985
68 3.844503064199985
69 4.0020092219698
70 4.0020092219698
71 3.080471057699909
72 3.080471057699909
73 3.984103732719759
74 2.2368261030406837
75 1.3633697452419808
76 1.3633697452419808
77 1.2046644011147554
78 1.2046644011147554
79 1.3444985273489563
80 1.3444985273489563
81 1.534438126297319
82 3.5593075611603093
83 2.5453956455530666
84 2.5453956455530666
85 2.3551536264210613
86 2.3551536264210613
87 2.649706913747443
88 2.649706913747443
89 2.7099318702414443
90 2.7099318702414443
91 2.504836537776591
92 2.504836537776591
93 2.3623430486821797
94 2.3623430486821797
95 2.5230995014129993
96 2.5230995014129993
97 2.6774136005481504
98 2.6774136005481504
99 1.8963672880941485
100 1.8963672880941485
101 1.8175936496949374
102 1.1320306374388598
103 1.1320306374388598
104 1.1308954599528167
105 3.7831762307631274
106 3.7831762307631274
107 3.2192991526279258
108 3.2192991526279258
109 2.6131398384885944
110 2.6131398384885944
111 2.0967395537855165
112 2.0967395537855165
113 2.213745837002985
114 2.213745837002985
115 2.8018880263493022
116 2.8018880263493022
117 2.642605689228192
118 2.642605689228192
119 2.5108692131560644
120 2.5108692131560644
121 2.350450403077783
122 2.350450403077783
123 3.5631114356826514
124 3.5631114356826514
125 3.8222139470272882
126 2.225412055396176
127 3.9135998461182977
128 3.9135998461182977
129 1.7729272451155471
130 1.7729272451155471
131 1.8283187065891529
132 3.045788546886134
133 3.045788546886134
134 3.153450610984126
135 1.0789737462337938
136 1.0789737462337938
137 1.0046864017282668
138 1.0046864017282668
139 1.098766676583839
140 1.098766676583839
141 1.1004154924491545
142 1.1004154924491545
143 1.06591941824818
144 1.337823517489429
145 2.123629586046671
146 2.123629586046671
147 2.3710742698760776
148 2.3710742698760776
149 2.630016826393349
150 2.630016826393349
151 2.9503361680530094
152 2.6511579886418626
153 2.6511579886418626
154 2.6908725259643687
155 2.6908725259643687
156 2.3985674630732676
157 2.3985674630732676
158 3.328829100161015
159 3.328829100161015
160 3.7516161400604573
161 3.7516161400604573
162 4.163202915008757
163 2.509697193237444
164 2.509697193237444
165 2.5305842546535464
166 2.5305842546535464
167 2.195584123444145
168 2.195584123444145
169 2.295513036853684
170 2.295513036853684
171 2.571652818106082
172 2.571652818106082
173 1.0973278947168519
174 1.0973278947168519
175 1.6380992749008332
176 1.6380992749008332
177 1.957365733250279
178 1.957365733250279
179 1.5826837887262437
180 2.3737559661181984
181 3.342742934688163
182 3.342742934688163
183 3.8570141022732516
184 3.8570141022732516
185 3.0455397179287416
186 1.5527139305969448
187 1.5527139305969448
188 2.0003967237469835
189 2.0003967237469835
190 1.619346295164068
191 1.619346295164068
192 1.9176251583287796
193 1.9176251583287796
194 1.7403007295878663
195 1.7403007295878663
196 1.3767815914737926
197 1.3767815914737926
198 1.4276274955491033
199 1.4276274955491033
200 0.7585615289856288
201 0.7585615289856288
202 0.6734641376920698
203 0.6734641376920698
204 2.76174746932037
205 2.76174746932037
206 3.3882459476077145
207 3.3882459476077145
208 2.1476987876223284
209 2.1476987876223284
210 2.2589204843253397
211 2.2589204843253397
212 2.034774898035632
213 2.034774898035632
214 1.698186506557524
215 1.4311386281233753
216 1.4311386281233753
217 1.4235990598475181
218 2.957862856562152
219 2.957862856562152
220 3.0046171800883976
221 3.0046171800883976
222 1.9109260272532047
223 1.9109260272532047
224 0.7930808187176301
225 0.7930808187176301
226 0.6399019890702217
227 0.6399019890702217
228 1.567249482908334
229 2.415190450042427
230 2.415190450042427
231 2.2991429178970875
232 2.2991429178970875
233 2.212416749652845
234 2.212416749652845
235 1.7967109931314535
236 1.7967109931314535
237 2.1946483051102383
238 2.1946483051102383
239 2.0646038270120766
240 2.7320003949709544
241 2.7320003949709544
242 2.6580573923213686
243 2.6580573923213686
244 3.8183392863725456
245 3.8183392863725456
246 0.8736964085143103
247 0.8736964085143103
248 1.0303506847797945
249 1.0303506847797945
250 0.9603587979750909
251 3.982551076194482
252 3.982551076194482
253 3.7552901153655824
254 3.7552901153655824
255 4.005068911346451
256 1.8105954297544367
257 1.8105954297544367
258 2.544751543393982
259 2.544751543393982
260 2.3049456054069393
261 2.000043276918192
262 2.000043276918192
263 1.5442336437239235
264 1.5442336437239235
265 1.815371400022824
266 1.815371400022824
267 1.5800581881807092
268 3.1040336787141367
269 3.1040336787141367
270 3.3295466413016728
271 3.3295466413016728
272 2.627078442417664
273 2.627078442417664
274 3.2124294761356067
275 3.2124294761356067
276 3.353176277562401
277 3.353176277562401
278 3.561904648955337
279 3.561904648955337
280 3.1746972547367887
281 3.1746972547367887
282 1.1634196038012838
283 1.1634196038012838
284 0.9339690506785805
285 0.9339690506785805
286 4.057106702855788
287 4.057106702855788
288 1.509501358572022
289 1.509501358572022
290 1.2524071321566816
291 1.2524071321566816
292 1.5732133371971704
293 1.5732133371971704
294 1.1884610126597155
295 1.1884610126597155
296 1.4049088696644538
297 2.4971301650533513
298 2.4971301650533513
299 1.5989635703432847
300 1.5989635703432847
301 2.167039196201112
302 2.167039196201112
303 2.665601071925764
304 2.665601071925764
305 2.6144853531557506
306 2.6144853531557506
307 2.860967326961054
308 4.765368940522769
309 4.765368940522769
310 3.9835108899188603
311 3.9835108899188603
312 4.39531761663714
313 4.39531761663714
314 4.001413217443213
315 4.001413217443213
316 3.8197529321523467
317 3.8197529321523467
318 4.426228396371858
319 1.9405712564849398
