0 1.3073506799622543
1 0.6809878510251315
2 0.10291847596946457
3 0.9924140909305883
4 1.3932523669137937
5 0.9415606426150895
6 1.3175727051272663
7 1.0449551313463847
8 0.7975770360133962
9 1.746915816938943
10 1.0996644230524057
11 0.9296990454706644
12 0.6299191328917204
13 0.4125716087971536
14 0.8758391272677757
15 1.3992380526500872
16 1.3992380526500872
17 1.3992380526500872
18 1.0335931861723446
19 1.1340906809455662
20 1.1216579589121722
21 0.7369367131864928
22 0.7369367131864928
23 0.5527991625265116
24 1.4007694827174695
25 1.4606352904438578
26 1.4606352904438578
27 1.1396334593136135
28 0.9148335639300438
29 1.2071054464791213
30 1.2071054464791213
31 0.4021080035514515
32 1.25321253730046
33 1.076339166252135
34 1.076339166252135
35 0.6160693112949402
36 0.9477175301525462
37 2.3011161185137454
38 1.3822178797536848
39 0.962962217497967
40 1.2634290482357402
41 0.5748622487245425
42 0.5895226296882983
43 0.636774597222772
44 1.5042063225540807
45 0.4973383807965554
46 0.8210293100026185
47 1.4010726033324454
48 1.4010726033324454
49 0.5459181223261589
50 1.4647852703813689
51 1.4647852703813689
52 1.0809961134565593
53 0.17014729082832092
54 0.14483987438175772
55 0.14483987438175772
56 0.8118502685307429
57 0.8118502685307429
58 1.1775169503718135
59 1.262198332130355
60 0.22718925697234893
61 0.22718925697234893
62 1.3364595564953685
63 1.5820680199439816
64 1.9632295666527357
65 0.8687836810355576
66 1.0553485590217266
67 0.24571119835288746
68 0.7404728527441392
69 0.7404728527441392
70 1.390978719569224
71 0.5089192519438638
72 0.17157983033778967
73 0.6087203081197332
74 0.20062743015213103
75 1.0232217404180803
76 0.29902557120133544
77 0.8824719363804222
78 1.1191622775168597
79 1.047213920641378
80 0.1
81 1.6591979543371214
82 1.3229338992367319
83 0.9266479120450577
84 0.7373583020240471
85 1.4743109477702458
86 2.263867597078341
87 0.1
88 0.1
89 0.579052314636664
90 0.579052314636664
91 0.2950049849708887
92 1.225768543522107
93 1.09197037337651
94 1.2854530662059438
95 1.1017440652187742
96 1.4633491812745938
97 0.8533307199197712
98 0.9779601568017628
99 0.1580895387642015
100 2.6278172387536243
101 2.6278172387536243
102 2.6278172387536243
103 1.3237954436666588
104 1.781711026409186
105 0.6505646926899622
106 1.2826013013493451
107 1.1428196426357118
108 0.3842083423577076
109 1.4559609160757752
110 0.6306494954160669
111 0.38906163753200473
112 0.38906163753200473
113 0.38906163753200473
114 1.387590038711933
115 1.4922298112681807
116 1.2527791778277804
117 1.096777377747008
118 0.46062068179231247
119 1.1608461539408292
120 0.38902042781959545
121 1.4197003591038775
122 0.2498491602819597
123 0.5995748247981503
124 0.8616965005197285
125 1.2184004530008905
126 0.8457759492168285
127 0.7081271873617572
128 0.9866168042831649
129 0.9866168042831649
130 0.115554964187643
131 1.92004695211615
132 1.92004695211615
133 0.20386636498438093
134 1.4156074857650498
135 1.8589090849378485
136 1.3536330321724281
137 0.8814881409804602
138 0.8071967854691724
139 0.1
140 0.5374794401538032
141 0.5374794401538032
142 0.778553045562507
143 1.1134166689136626
144 2.3386986779400134
145 2.3386986779400134
146 0.9350528044385908
147 0.4726370472683273
148 1.0618406982308315
149 1.6938888508545729
150 0.7825651821717348
151 0.3020595083562
152 0.1
153 0.49148063093701827
154 0.447421320331166
155 1.0962340058363684
156 0.15886301790042467
157 1.040161286209847
158 1.040161286209847
159 1.394738588334583
160 1.0023593084470286
161 1.1493871908676176
162 0.587223530615635
163 0.6429297558140696
164 0.6429297558140696
165 1.1047800478338499
166 0.7707215469533715
167 1.2446671224656096
168 1.432979519053178
169 1.432979519053178
170 0.6748132739658232
171 1.7289499751505089
172 0.48276627338267386
173 1.3235171136622998
174 1.3235171136622998
175 0.7181623571147278
176 0.9206345071331291
177 0.4977095071238347
178 0.32475659101524856
179 1.0717324507161852
180 1.0717324507161852
181 1.0717324507161852
182 0.5011257734379855
183 0.4042931255705181
184 1.177822716236896
185 1.177822716236896
186 0.26386680694788356
187 1.063621053674226
188 0.9332861969642786
189 1.17892955778948
190 0.8980015613996802
191 0.54426633472368
192 1.850659807870554
193 0.1
194 0.1
195 0.908287800631426
196 1.2842245852343201
197 0.3993629811252444
198 1.0412336176333858
199 1.8448984679750795
200 0.9943046031241511
201 0.9943046031241511
202 1.0620766632875656
203 0.9134027650386124
204 0.6993923813280092
205 0.6993923813280092
206 0.6993923813280092
207 0.6993923813280092
208 1.5134071574954409
209 1.3543087163997753
210 0.6240417616603867
211 0.6637103616506008
212 0.734303693354313
213 0.734303693354313
214 0.5440716236427658
215 0.5440716236427658
216 1.8793123275939587
217 1.2357464873300266
218 1.5882415285892846
219 1.5123656321512975
220 0.8099856162646585
221 0.17243808076230005
222 1.7594813275281294
223 2.075858754705951
224 0.7635974567561217
225 1.0244977959371866
226 1.6760202253364458
227 1.1347087311602073
228 0.9597363748163533
229 1.063570868152481
230 0.8232415874833556
231 0.8232415874833556
232 1.3819947199754994
233 0.386570956947466
234 0.386570956947466
235 1.3041127652428615
236 0.7570448435281096
237 0.1
238 0.7239246503193306
239 0.9925877354381826
240 0.397203241530083
241 0.7502520343196197
242 0.7502520343196197
243 0.7502520343196197
244 0.7199480176852294
245 0.8644195677271876
246 0.8644195677271876
247 0.3033641220467356
248 1.0722408902594025
249 0.796169119120651
250 0.796169119120651
251 0.796169119120651
252 1.3089734207248982
253 0.795742661594934
254 0.5203557219858441
255 0.6710611746362789
256 0.6710611746362789
257 1.4749204091723485
258 0.7314177514058262
259 0.45144422737120127
260 0.45144422737120127
261 0.8833613355502549
262 0.42331961568805676
263 0.5587553445114131
264 0.768974232107086
265 1.0324152112909617
266 1.850343355232868
267 0.954339412627458
268 0.954339412627458
269 1.339450977622852
270 1.0978230362915185
271 1.061701040282886
272 0.7926504255436864
273 1.093041523050539
274 0.1
275 1.1794502147485262
276 1.4609424400830593
277 1.6021195466763134
278 0.985688256497456
279 1.1197065137627844
280 0.6552275050438927
281 1.6166711318343885
282 1.6166711318343885
283 0.7878796852250656
284 1.6510747456482795
285 0.644368846727718
286 0.5318596299735039
287 1.526012420000289
288 1.2585938359731865
289 1.2490628363529168
290 0.4166310542697207
291 0.7464900227833187
292 1.0561173556907846
293 1.3608237041106817
294 0.21255265018762615
295 0.1998644456308346
296 0.4904826822150776
297 0.9920665365257992
298 1.5077590142883728
299 1.0934803108784936
300 0.7789270098683702
301 0.7789270098683702
302 1.1116830710403105
303 1.2244259735786311
304 0.1
305 0.642650539055289
306 0.8868581476344973
307 1.241588885451517
308 1.3123694784116442
309 1.0567832406758808
310 0.6511411073043967
311 1.299753310426321
312 0.5275699491585281
313 1.6848609992586592
314 0.36099491909800785
315 2.231100773079363
316 0.5572306360126562
317 0.3407377468663364
318 1.1934298387294435
319 1.1726723571020363
