0 1.5024715325963283
1 1.5024715325963283
2 1.1484438576713847
3 1.1484438576713847
4 1.6805438145892406
5 1.2372372600552264
6 1.2372372600552264
7 1.3754441511369682
8 1.3754441511369682
9 1.534019440421588
10 1.534019440421588
11 1.4369043415381424
12 1.1634694348002514
13 1.1634694348002514
14 1.1033845624878165
15 1.1033845624878165
16 1.1603033761568888
17 1.1603033761568888
18 1.2363919499892213
19 1.2363919499892213
20 1.0810071149869578
21 1.1626129596160613
22 1.1626129596160613
23 1.0551567506206625
24 1.0551567506206625
25 1.1853290313987142
26 1.1853290313987142
27 1.1355962917811901
28 1.1355962917811901
29 1.1958789735582827
30 1.1958789735582827
31 1.142751125043398
32 1.142751125043398
33 1.2714470704542555
34 1.2714470704542555
35 1.263982482749483
36 1.263982482749483
37 1.0581958002592107
38 1.0581958002592107
39 1.0486891744382307
40 1.0486891744382307
41 1.1195403113362175
42 1.4334508901625274
43 1.4334508901625274
44 1.5116432487116502
45 1.1377205061358695
46 1.1377205061358695
47 1.1901922243485268
48 1.0914871589189439
49 1.0628522167609258
50 1.0628522167609258
51 1.249416944325908
52 1.249416944325908
53 1.5616632331283942
54 0.9907360055791536
55 1.1848728781461886
56 1.1848728781461886
57 1.2408331992440251
58 1.2408331992440251
59 1.2471577007798202
60 1.2471577007798202
61 1.2598873141044784
62 1.2598873141044784
63 1.0214859045335112
64 1.4774345611655904
65 0.9235390758969004
66 0.9235390758969004
67 1.0873189988506904
68 1.0873189988506904
69 1.0256691297465796
70 1.0256691297465796
71 1.2244949539852101
72 1.2244949539852101
73 1.1623207270153517
74 1.1623207270153517
75 1.1754960377877413
76 1.1754960377877413
77 1.4192706499773442
78 1.4192706499773442
79 1.4168276845122365
80 1.4168276845122365
81 1.2862752144622558
82 1.1321516926883726
83 1.1321516926883726
84 1.1302456473873241
85 1.2366871882110089
86 1.3067501477948844
87 1.1858399248601212
88 1.1858399248601212
89 1.1237894629412264
90 1.1237894629412264
91 1.125395727844778
92 1.125395727844778
93 1.1353421628317732
94 1.1353421628317732
95 1.1174810947384517
96 1.28994396957071
97 1.28994396957071
98 1.3005981433920732
99 1.3005981433920732
100 1.2807252565789828
101 1.2807252565789828
102 1.317839446918043
103 1.317839446918043
104 1.339024503277652
105 1.339024503277652
106 1.174041768966735
107 1.174041768966735
108 1.3148858280564009
109 1.3148858280564009
110 1.201736025708959
111 1.201736025708959
112 1.3233240185860944
113 1.3233240185860944
114 1.3916364904107408
115 1.3727411734215582
116 1.1647649178202557
117 1.1647649178202557
118 1.0969885516572262
119 1.0969885516572262
120 1.0037151488149603
121 1.0037151488149603
122 1.075666221344765
123 1.075666221344765
124 1.068053035081101
125 1.068053035081101
126 1.255240349266254
127 1.255240349266254
128 1.3854103835059703
129 1.3854103835059703
130 1.2061079958199568
131 1.2061079958199568
132 1.1500440124679647
133 1.1500440124679647
134 1.0485899357966209
135 1.0485899357966209
136 1.1526680295690548
137 1.1526680295690548
138 1.034160750914974
139 1.034160750914974
140 1.1857125834544273
141 1.230997279232555
142 1.230997279232555
143 1.392771549884824
144 0.936069607669944
145 0.936069607669944
146 1.4594711692943687
147 1.4594711692943687
148 1.311244705103929
149 1.1842468480839243
150 1.1842468480839243
151 1.2215910243245864
152 1.2215910243245864
153 1.1615620775134925
154 1.1615620775134925
155 1.1467674314861953
156 1.1467674314861953
157 1.1922614852662872
158 1.1668033577450005
159 1.1668033577450005
160 1.0983140195552608
161 1.0983140195552608
162 1.2806056056388075
163 1.2806056056388075
164 1.1757153643291756
165 1.1757153643291756
166 1.1515778404135795
167 1.1515778404135795
168 1.388694808659726
169 1.388694808659726
170 1.3247057980908175
171 1.3247057980908175
172 1.753113831514041
173 1.753113831514041
174 1.2862829257275445
175 1.2862829257275445
176 1.1049056516437854
177 1.1049056516437854
178 1.2660370032028905
179 1.2660370032028905
180 1.4270349834512572
181 1.02685489290467
182 1.2006368699650956
183 1.2006368699650956
184 1.3482955904835863
185 1.3482955904835863
186 1.2946884098451865
187 1.2946884098451865
188 1.155316701862161
189 1.1904472588116595
190 1.1904472588116595
191 1.13611110033777
192 1.1643161808819213
193 1.1643161808819213
194 1.1256660042650626
195 1.1256660042650626
196 1.5743500101470764
197 1.5743500101470764
198 1.4738946674698192
199 1.2421735938322447
200 1.0482692796120159
201 1.0482692796120159
202 0.877618254785362
203 0.877618254785362
204 0.9174995930693575
205 0.9174995930693575
206 0.8934243722668997
207 0.8934243722668997
208 1.0059891548393216
209 1.0059891548393216
210 0.8838021015180223
211 0.8838021015180223
212 0.9936906868289757
213 0.9936906868289757
214 1.381301463781038
215 1.381301463781038
216 1.327088387304063
217 1.1750855205180684
218 1.1750855205180684
219 1.074543668808072
220 1.1658534165008927
221 1.076280597354884
222 1.076280597354884
223 1.5079488704744637
224 1.5079488704744637
225 1.0136286748217886
226 1.0136286748217886
227 1.289706112424565
228 1.289706112424565
229 1.2956348062419112
230 1.2956348062419112
231 1.1085485028148696
232 1.0590930188738552
233 1.0590930188738552
234 1.0258651677689616
235 1.0258651677689616
236 1.497050680438827
237 1.497050680438827
238 0.9944383186324915
239 0.9944383186324915
240 0.938797265312371
241 0.938797265312371
242 1.089986563737348
243 1.089986563737348
244 1.315837050897991
245 1.315837050897991
246 1.3079793423799446
247 1.3079793423799446
248 1.50818606877169
249 1.50818606877169
250 1.3742818618320227
251 1.3742818618320227
252 1.1852993079103962
253 1.178804824350201
254 0.9364598434083157
255 0.9364598434083157
256 1.1428383997606466
257 1.1428383997606466
258 1.0400398702925546
259 1.0400398702925546
260 1.1957407612402926
261 1.1957407612402926
262 1.3527621617330008
263 1.3527621617330008
264 1.4072664751730757
265 1.4072664751730757
266 1.1040673305502242
267 1.1040673305502242
268 1.4963214100837217
269 1.4963214100837217
270 1.605684730971261
271 1.605684730971261
272 1.3905409461607556
273 1.3905409461607556
274 1.2868609684791268
275 1.2868609684791268
276 1.6102788939458375
277 1.4247149514497959
278 1.4247149514497959
279 1.0962098715207331
280 1.0554851664721867
281 1.0554851664721867
282 1.019303511243788
283 1.019303511243788
284 1.4295259870525274
285 1.4295259870525274
286 1.4689567974916384
287 1.4689567974916384
288 1.284053619515219
289 1.4736343271289707
290 1.4736343271289707
291 1.6167950205897663
292 1.6167950205897663
293 1.4055883208135567
294 1.4055883208135567
295 1.6682278507776411
296 1.6682278507776411
297 1.4394455673543314
298 1.4394455673543314
299 1.5057882602174177
300 1.5057882602174177
301 1.5299698759886975
302 1.3520634435655212
303 1.3520634435655212
304 1.216150878919197
305 1.216150878919197
306 1.1808126176321454
307 1.1808126176321454
308 1.0764343405138428
309 1.0764343405138428
310 1.0291430374044532
311 1.0291430374044532
312 1.3968474208601425
313 1.3968474208601425
314 1.3226026230713306
315 0.8630873701518629
316 1.420845632980027
317 1.420845632980027
318 1.4563563251775065
319 1.4563563251775065
