0 1.068129163648439
1 1.068129163648439
2 0.8938842981355423
3 0.9688099860109092
4 0.9688099860109092
5 1.074920747796544
6 1.074920747796544
7 0.9780075488695228
8 0.8969524493491248
9 0.8969524493491248
10 1.0062164583833113
11 1.0062164583833113
12 0.8407966795349839
13 0.5335624025604989
14 0.5335624025604989
15 0.5668131625279482
16 0.5668131625279482
17 0.5317546713025821
18 0.5317546713025821
19 0.6515683734938715
20 0.6515683734938715
21 0.4980478624881548
22 0.4980478624881548
23 0.5613696154994507
24 0.5613696154994507
25 0.49940842816418735
26 0.49940842816418735
27 0.9092779738008527
28 0.9092779738008527
29 0.9792944629088487
30 0.9792944629088487
31 1.103172500455178
32 1.103172500455178
33 1.067299842132067
34 1.067299842132067
35 0.91172415231742
36 0.91172415231742
37 1.1099332314602177
38 0.9335246107454983
39 0.9335246107454983
40 1.0254668063680197
41 1.0254668063680197
42 0.8597134956769661
43 0.8597134956769661
44 0.699358737782242
45 0.699358737782242
46 0.7091678546872485
47 0.7091678546872485
48 0.6191328323932873
49 0.8891207097268697
50 0.8891207097268697
51 0.9535175426157932
52 0.9535175426157932
53 0.9653126450677928
54 0.6964451204135694
55 0.6964451204135694
56 0.6100520745325645
57 0.6100520745325645
58 0.6373769174471545
59 0.6373769174471545
60 0.5187751767861566
61 0.7277187632641913
62 0.7277187632641913
63 0.7033844561441194
64 0.7033844561441194
65 0.672728238064703
66 0.672728238064703
67 0.7161077555150482
68 1.143807482558701
69 1.143807482558701
70 1.1803613782243054
71 0.6328116071459634
72 0.6328116071459634
73 0.8708365109344567
74 1.2864850689373106
75 0.9957160775266644
76 0.6921450652831164
77 0.6921450652831164
78 0.6412018669813939
79 0.6412018669813939
80 0.660296873615138
81 0.660296873615138
82 0.7775683057435732
83 0.8625556387558468
84 0.8625556387558468
85 0.8354402710622258
86 0.8354402710622258
87 0.8094721490350539
88 0.8094721490350539
89 0.8743261065807016
90 0.8743261065807016
91 0.809774917552567
92 1.0110597617172736
93 1.0110597617172736
94 1.0387188143638821
95 1.0387188143638821
96 0.8438963898849633
97 0.9208331468984637
98 0.9208331468984637
99 0.7454688244911887
100 0.7454688244911887
101 0.7757609057701865
102 0.7757609057701865
103 0.6669577074281158
104 0.6669577074281158
105 0.8541123304817609
106 0.8541123304817609
107 0.8733430473953162
108 0.8733430473953162
109 0.7929760633920754
110 0.7929760633920754
111 0.8796141796876723
112 0.8796141796876723
113 0.7943215903283608
114 0.7842585541349365
115 0.7842585541349365
116 0.6513137684548745
117 0.6513137684548745
118 0.7015459425125978
119 0.7015459425125978
120 0.5351630176849804
121 0.5351630176849804
122 0.7192790613085587
123 0.6208033761814012
124 0.6208033761814012
125 0.5136750788630314
126 0.5136750788630314
127 0.3733475462753121
128 0.3733475462753121
129 0.48134993266469056
130 0.807644763226272
131 0.807644763226272
132 0.6255948951141019
133 0.6255948951141019
134 0.5554852150012183
135 0.5554852150012183
136 0.52786412144187
137 0.52786412144187
138 0.485889890219391
139 0.485889890219391
140 0.4617050982787732
141 0.4617050982787732
142 0.5481473596683453
143 0.5481473596683453
144 0.4870012662396381
145 1.0913225913846236
146 1.0913225913846236
147 0.902441876974799
148 0.902441876974799
149 0.9973055959532687
150 0.6564427540110127
151 0.45642717702025337
152 0.45642717702025337
153 0.5465839187797987
154 0.5888108255237446
155 0.5888108255237446
156 1.1090130913376837
157 0.8408020863491988
158 0.9447768454969043
159 0.4627056749722299
160 0.770739594542613
161 0.770739594542613
162 0.9559321645860117
163 1.284508668016374
164 0.6026707361995777
165 1.0694364526433864
166 1.0694364526433864
167 0.9397643040500256
168 0.9397643040500256
169 0.5809023386692248
170 0.5809023386692248
171 0.9793118024934235
172 0.9793118024934235
173 0.9538307269658842
174 0.9538307269658842
175 1.2704112256013471
176 1.2704112256013471
177 0.9400643738982836
178 0.9400643738982836
179 1.2342203131096134
180 0.9939690100400881
181 0.9939690100400881
182 0.9405260442760262
183 0.6687964851651754
184 1.0372513177360791
185 1.0372513177360791
186 0.8172935552162885
187 0.8172935552162885
188 0.7939865687652483
189 0.7939865687652483
190 0.9611850900602303
191 0.9611850900602303
192 0.9513326658316024
193 0.9513326658316024
194 0.9991898322048359
195 1.0356910787634461
196 0.47215479427115614
197 0.47215479427115614
198 0.49501666369141684
199 0.49501666369141684
200 0.9024673180843399
201 0.9024673180843399
202 0.6764129614966172
203 0.6764129614966172
204 0.7647236747787052
205 0.7647236747787052
206 0.747979155061676
207 0.5828660663204709
208 0.5828660663204709
209 0.6376799504162921
210 0.6376799504162921
211 0.581183633591171
212 0.581183633591171
213 0.44521002201617166
214 0.44521002201617166
215 0.709607872962412
216 0.709607872962412
217 0.7225751001014104
218 0.7225751001014104
219 0.8072181793590267
220 0.967288581715917
221 0.967288581715917
222 1.0580550665327044
223 1.0580550665327044
224 1.2966555208519313
225 1.248441864577265
226 1.248441864577265
227 1.2726244889143563
228 1.2726244889143563
229 1.3862198899503628
230 0.8008156792426875
231 0.8008156792426875
232 0.7786414299843122
233 0.7786414299843122
234 0.7740090209213714
235 0.7740090209213714
236 0.6079425541502225
237 0.6079425541502225
238 0.6463142206018067
239 0.6463142206018067
240 0.6848638071288777
241 0.6848638071288777
242 0.683788606102836
243 0.4649604080118015
244 0.5036351220116021
245 0.5036351220116021
246 0.49866023127834797
247 0.49866023127834797
248 0.3578353016955794
249 0.3578353016955794
250 0.9420404514436242
251 0.9420404514436242
252 0.7659096023749862
253 0.7659096023749862
254 1.1608760141452712
255 1.1608760141452712
256 0.7088101635356945
257 0.7088101635356945
258 0.7372465540058248
259 0.8138411125123945
260 0.8138411125123945
261 0.8606168275084903
262 0.8606168275084903
263 0.776375287969606
264 0.776375287969606
265 0.8410156814937966
266 0.8410156814937966
267 0.7963671941809299
268 0.7963671941809299
269 0.7507021137949129
270 0.7507021137949129
271 0.6117391188330692
272 0.6117391188330692
273 0.559045863441187
274 0.559045863441187
275 0.7390376707190319
276 0.7390376707190319
277 0.9099889282902234
278 0.9099889282902234
279 0.6566097378056482
280 0.6566097378056482
281 0.7290960619096791
282 0.7290960619096791
283 1.044282177766471
284 1.044282177766471
285 1.045832069103927
286 1.045832069103927
287 1.0325837178479023
288 1.0325837178479023
289 1.0220427379541097
290 1.0220427379541097
291 1.0556484867493814
292 1.0556484867493814
293 0.884078470199499
294 0.7966216912992901
295 0.7966216912992901
296 1.1033047524085582
297 1.1033047524085582
298 1.0254650266017202
299 1.0254650266017202
300 1.1101571477024743
301 0.9094003284971964
302 0.9814066216976534
303 0.9814066216976534
304 0.44027124971240417
305 0.44027124971240417
306 0.5634615882801982
307 0.5634615882801982
308 0.4231941644055447
309 0.4231941644055447
310 0.5421817852716764
311 0.5421817852716764
312 0.5499569018400426
313 0.5499569018400426
314 0.931186030105416
315 0.931186030105416
316 0.76899498654064
317 0.76899498654064
318 0.9088679690576688
319 0.9088679690576688
