0 1.476122089625311
1 2.2197562053370286
2 2.540483288710227
3 2.540483288710227
4 1.5771482641545822
5 1.5666636919443322
6 2.113705831247451
7 1.4418247258379828
8 1.507934772551098
9 1.4767510280276182
10 0.8738404902526682
11 1.7943129485522487
12 1.9745620428268846
13 2.3324934416239094
14 1.3060598048685292
15 2.0119112525066414
16 2.058639700725098
17 1.3203898871414859
18 1.229588922330053
19 0.8693969618579054
20 2.0269089849767994
21 2.519565153082625
22 1.7813277035356399
23 2.0319411601859114
24 1.2471654430031731
25 1.9712669350808363
26 1.2184049995422332
27 1.8212539658141427
28 1.3223044540765732
29 1.6251408856672613
30 1.6996660998695292
31 2.488397889876881
32 1.7290445546247348
33 2.34707023926383
34 1.0611120772856606
35 1.9226115392460603
36 1.4729801117339814
37 2.3626830962121668
38 1.923981690711042
39 1.3230878745224672
40 1.5051297843737088
41 1.5051297843737088
42 1.4219837490448952
43 0.9031383646920979
44 1.6450762840226427
45 2.2296639461795182
46 1.602310196100876
47 1.3537229432626958
48 1.6562782960944464
49 2.2155344552945047
50 1.8517287496799062
51 1.8517287496799062
52 1.8517287496799062
53 1.165383101534123
54 1.152639616719353
55 1.2168140619943406
56 2.505426037135162
57 2.3308756135121698
58 1.5156710080324318
59 1.145921519564191
60 2.3982881632954305
61 1.5881110999677543
62 1.5881110999677543
63 1.5881110999677543
64 1.5881110999677543
65 1.1882646391627387
66 1.860005687691518
67 1.004357941170009
68 1.5499259030720618
69 1.0788302537699883
70 1.139493035639124
71 2.2523771834337696
72 1.941437565620954
73 1.4885497233986233
74 1.4885497233986233
75 2.888446293529221
76 1.7142346624951594
77 1.7142346624951594
78 1.1369718787926213
79 1.1369718787926213
80 1.7724493045592489
81 1.4510480719629206
82 1.6673199225180073
83 0.8256356818869872
84 1.619342470047221
85 0.8432969089030651
86 1.1484369845118994
87 1.9498798646044908
88 2.3296527209492663
89 1.8657975025070905
90 1.2061528758949884
91 2.1041492898150387
92 1.2325543296894068
93 1.7277799887984184
94 1.7303027450851094
95 0.9969489789361102
96 1.2095658662539193
97 2.606078831495766
98 1.781349604309264
99 1.781349604309264
100 1.4568550557406708
101 2.4005791740935294
102 2.1578484982835615
103 2.1578484982835615
104 1.696228298860091
105 2.3613958630221057
106 1.5292890178534397
107 1.5292890178534397
108 0.8594366529990419
109 1.3854450263492573
110 2.0601457608829556
111 2.0187366607539174
112 2.8526400359910316
113 1.2981310665226482
114 0.7798046206437677
115 1.1648866642022255
116 1.6131954195503229
117 1.9135517557968456
118 1.7563089636367717
119 2.5254323815428155
120 2.5807383613462243
121 1.7539994175748066
122 1.7539994175748066
123 1.2112449901388538
124 0.8214597924957798
125 1.255300884009023
126 1.6744039860457
127 2.141561090260978
128 1.4463711870581177
129 1.4463711870581177
130 1.701621441285739
131 2.610916733015663
132 1.5040485741841463
133 2.0580238076217374
134 1.5999203616300457
135 1.3419461490543356
136 2.182557391436576
137 2.182557391436576
138 2.350052202113374
139 1.4683585255994067
140 1.4683585255994067
141 2.3951593246336205
142 2.3951593246336205
143 1.1137286863293414
144 1.9767658557762808
145 1.9767658557762808
146 1.7257292923162666
147 1.6196183777276096
148 1.442209233541788
149 1.442209233541788
150 1.7311700855750514
151 1.2798790496767705
152 2.245698208668791
153 1.533769183381814
154 1.533769183381814
155 1.533769183381814
156 1.012739807478907
157 2.1020819042958614
158 2.1020819042958614
159 1.9381173864965868
160 1.997894382430986
161 1.5033383143604937
162 1.7918477832626931
163 1.1156557306258514
164 1.52047430557787
165 1.905326175870209
166 2.2779734129766354
167 2.59440094461734
168 1.1328221645056924
169 1.1328221645056924
170 2.0352516208499236
171 1.2308416048597852
172 2.1618159198619042
173 1.1828672033395389
174 1.2663188889352701
175 1.2663188889352701
176 1.785054160788364
177 1.548215562939276
178 1.548215562939276
179 1.548215562939276
180 1.4747585751899912
181 1.4747585751899912
182 2.5045563480162176
183 1.4279485842970465
184 2.0009284817018504
185 2.0009284817018504
186 1.142321752628874
187 1.0790827233426608
188 2.284207813881169
189 1.17803772394626
190 1.0009173193681715
191 2.2537546080307758
192 2.385178210789349
193 1.6279612602113387
194 0.976772990316401
195 2.4952603823491266
196 2.4952603823491266
197 1.5075953614340938
198 0.9008340740654547
199 2.3958509552926004
200 2.3958509552926004
201 1.8243041117064556
202 1.1266439858985422
203 1.8325678616008294
204 1.2768706785018435
205 1.7603689548195032
206 2.470746265465289
207 0.9724818157551876
208 2.4592879667149243
209 1.0260816635993015
210 1.0260816635993015
211 2.2267301424025785
212 1.4653859147132147
213 1.4653859147132147
214 0.947599875433329
215 1.5399931944747058
216 1.860710724145185
217 1.7676262827012188
218 1.8657874834493786
219 1.1454199667009268
220 1.324877042579073
221 2.371345078275416
222 1.491006689723982
223 1.491006689723982
224 1.491006689723982
225 1.538252933203753
226 1.0685813435891087
227 0.8996286161172204
228 1.746876682638746
229 2.659558897204445
230 2.0768409924318765
231 2.0768409924318765
232 1.3922918560269246
233 2.403765490085157
234 1.2330547033555253
235 1.915325832264144
236 1.3327045802434276
237 2.275841349265263
238 2.275841349265263
239 2.275841349265263
240 1.5725036942959234
241 1.5725036942959234
242 0.9088327564902452
243 0.9088327564902452
244 1.354591316468464
245 1.354591316468464
246 1.985740442287265
247 1.737483475389102
248 1.3725575691769354
249 1.7721349272700362
250 1.1623035848422174
251 2.6068930426136743
252 1.6592318516489162
253 1.8230772279728962
254 1.4689143700529395
255 1.1064807856219365
256 2.299185283847584
257 1.8871453109791616
258 2.852642325174878
259 2.2126653499431725
260 1.1695510537018294
261 2.0064229785261523
262 1.9409339340961602
263 1.858780099338403
264 2.090727234808972
265 2.3942651001579205
266 1.5385016332133157
267 1.8106468949672447
268 1.177385605746554
269 0.7910380696459632
270 2.2098165212434693
271 1.1168881757785485
272 1.6839073533882936
273 1.9764087620254442
274 1.6159449062977738
275 2.1321406583128284
276 1.9848490831993706
277 1.1394030499273378
278 1.4886384376518313
279 1.6508613813884596
280 1.2349364131345415
281 2.177097212982957
282 1.1209502381017515
283 1.7067262708685367
284 2.20381158762224
285 1.636865844849143
286 1.636865844849143
287 1.636865844849143
288 1.8433149883561
289 2.5382127542173607
290 1.746621110216357
291 1.6206419790488136
292 1.933320188543144
293 1.69222966271684
294 1.69222966271684
295 1.69222966271684
296 2.2174212742888506
297 2.2174212742888506
298 1.189152764898764
299 1.700783944316677
300 1.126360660102558
301 1.126360660102558
302 1.126360660102558
303 1.987871179335273
304 1.0251729625108503
305 1.1989466318108735
306 2.1586154025048314
307 0.9921954525366602
308 1.4602879997298595
309 1.3453743628781818
310 2.3564040693269073
311 2.3564040693269073
312 1.9355028455014704
313 0.9936424044840392
314 0.9936424044840392
315 2.1814103400816665
316 2.1058162420379616
317 2.1058162420379616
318 1.582165955832659
319 1.960784291239508
