0 0.8577236502263438
1 0.8577236502263438
2 0.8577236502263438
3 0.8577236502263438
4 0.9185765789258714
5 0.9185765789258714
6 0.9185765789258714
7 0.9185765789258714
8 1.010851180164215
9 1.010851180164215
10 1.010851180164215
11 1.010851180164215
12 1.5474202857154358
13 1.5474202857154358
14 1.5474202857154358
15 1.5474202857154358
16 1.2393248536789372
17 1.2393248536789372
18 1.2393248536789372
19 1.2393248536789372
20 1.3901133696332284
21 1.3901133696332284
22 1.3901133696332284
23 1.3901133696332284
24 1.3408100622717898
25 1.3408100622717898
26 1.3408100622717898
27 1.0832255739049865
28 1.0832255739049865
29 1.0832255739049865
30 1.0832255739049865
31 1.1991975434453002
32 1.303475795669503
33 1.303475795669503
34 1.303475795669503
35 1.303475795669503
36 1.3881168248628328
37 1.3881168248628328
38 1.3881168248628328
39 1.3881168248628328
40 1.4367639508625127
41 1.4367639508625127
42 1.4367639508625127
43 1.4367639508625127
44 1.582283089171902
45 1.582283089171902
46 1.582283089171902
47 1.582283089171902
48 1.2454493433737428
49 1.2454493433737428
50 1.2454493433737428
51 1.2454493433737428
52 1.379352579315776
53 1.379352579315776
54 1.379352579315776
55 1.379352579315776
56 1.6416618309579163
57 1.6416618309579163
58 1.6416618309579163
59 1.6416618309579163
60 1.3143530838921174
61 1.3143530838921174
62 1.3143530838921174
63 1.3143530838921174
64 1.0843046680074055
65 1.0843046680074055
66 1.0843046680074055
67 1.0843046680074055
68 1.0433553585683284
69 1.0433553585683284
70 1.0433553585683284
71 1.0433553585683284
72 1.1158654488701925
73 1.1158654488701925
74 1.1158654488701925
75 1.1158654488701925
76 1.1327327909530596
77 0.9710512926688237
78 0.9710512926688237
79 0.9710512926688237
80 0.9710512926688237
81 0.8255755602702297
82 1.318164837683094
83 1.318164837683094
84 1.318164837683094
85 1.318164837683094
86 1.5204798919402296
87 1.5204798919402296
88 1.5204798919402296
89 0.9129876820626923
90 0.9129876820626923
91 1.5311197392164388
92 1.5311197392164388
93 1.5311197392164388
94 1.5311197392164388
95 1.3988240692709164
96 1.5350031501868473
97 1.5350031501868473
98 1.5350031501868473
99 1.5350031501868473
100 1.5924955814421067
101 1.5924955814421067
102 1.5924955814421067
103 1.5924955814421067
104 1.5308814341247137
105 1.5308814341247137
106 1.5308814341247137
107 1.5308814341247137
108 1.4505630281950206
109 0.8502166791697288
110 0.8502166791697288
111 0.8502166791697288
112 0.8502166791697288
113 0.9139548880045986
114 0.9139548880045986
115 0.9139548880045986
116 0.9139548880045986
117 0.949024564648683
118 0.949024564648683
119 0.949024564648683
120 0.949024564648683
121 0.9637635916026138
122 0.9637635916026138
123 0.9637635916026138
124 0.9637635916026138
125 0.8246854569695082
126 1.3729540415375994
127 1.3729540415375994
128 1.3729540415375994
129 1.3729540415375994
130 1.7795435770557917
131 1.7795435770557917
132 1.7795435770557917
133 1.7795435770557917
134 1.5382654880215387
135 1.5382654880215387
136 1.5382654880215387
137 1.5382654880215387
138 1.6392691171433638
139 1.6392691171433638
140 1.6392691171433638
141 1.6392691171433638
142 1.5804774851814685
143 1.5804774851814685
144 1.5804774851814685
145 1.0247540414286394
146 1.0247540414286394
147 1.0247540414286394
148 1.0247540414286394
149 1.3494242069345708
150 1.3494242069345708
151 1.3494242069345708
152 1.5865473664409158
153 1.5865473664409158
154 1.5865473664409158
155 1.5865473664409158
156 1.5570747889604664
157 1.5161725816608433
158 1.5619262135453453
159 1.5619262135453453
160 1.5619262135453453
161 1.5619262135453453
162 1.5160413736637444
163 1.5160413736637444
164 1.5160413736637444
165 1.5160413736637444
166 1.4183249343562208
167 1.4183249343562208
168 1.4183249343562208
169 1.4183249343562208
170 1.6739715718711985
171 1.6739715718711985
172 1.6739715718711985
173 1.6739715718711985
174 1.5662469482857306
175 1.5662469482857306
176 1.5662469482857306
177 1.5662469482857306
178 1.9395288104556032
179 1.9395288104556032
180 1.2255777028437846
181 1.2255777028437846
182 1.2255777028437846
183 1.2255777028437846
184 1.2692270228567923
185 1.2692270228567923
186 0.946152885468427
187 0.946152885468427
188 0.946152885468427
189 0.946152885468427
190 0.9429282486872256
191 0.9429282486872256
192 0.9429282486872256
193 0.9429282486872256
194 1.1210462150100078
195 1.1210462150100078
196 1.1210462150100078
197 1.1210462150100078
198 1.1639615588686345
199 1.1639615588686345
200 1.1639615588686345
201 1.1639615588686345
202 1.2289284257691386
203 1.2289284257691386
204 1.2289284257691386
205 0.930449955013422
206 0.930449955013422
207 0.930449955013422
208 0.930449955013422
209 1.0455441757419282
210 1.328594774052007
211 1.328594774052007
212 1.328594774052007
213 1.328594774052007
214 1.4699785271605539
215 1.4699785271605539
216 1.4699785271605539
217 1.4699785271605539
218 1.5799044790445829
219 1.5799044790445829
220 1.5799044790445829
221 1.5799044790445829
222 1.4267112618031432
223 1.4267112618031432
224 1.4267112618031432
225 1.4267112618031432
226 1.2621081519864619
227 1.2621081519864619
228 1.2621081519864619
229 1.2621081519864619
230 1.4435778548315588
231 1.4435778548315588
232 1.4435778548315588
233 1.4435778548315588
234 1.397643268076887
235 1.397643268076887
236 1.397643268076887
237 1.397643268076887
238 1.6003333348563915
239 1.6003333348563915
240 1.6003333348563915
241 1.6003333348563915
242 1.2536804406718984
243 1.2536804406718984
244 1.2536804406718984
245 1.2536804406718984
246 1.2430288286475215
247 1.2430288286475215
248 1.2430288286475215
249 1.2430288286475215
250 1.1804586588182868
251 1.1804586588182868
252 1.1804586588182868
253 1.1804586588182868
254 1.3794889032567286
255 1.3794889032567286
256 1.3794889032567286
257 1.3794889032567286
258 1.3928102333713048
259 1.3928102333713048
260 1.4158135015988782
261 1.4158135015988782
262 1.4158135015988782
263 1.4158135015988782
264 1.3854577875106437
265 1.3854577875106437
266 1.3854577875106437
267 1.3854577875106437
268 1.3726856574877264
269 1.3726856574877264
270 1.3726856574877264
271 1.3726856574877264
272 1.1363314139267697
273 1.1363314139267697
274 1.1363314139267697
275 1.1363314139267697
276 1.3740963679930926
277 1.3740963679930926
278 1.3740963679930926
279 1.3740963679930926
280 1.1601382241736125
281 1.1601382241736125
282 1.005973910005058
283 1.005973910005058
284 1.005973910005058
285 1.005973910005058
286 0.8676306600882673
287 0.8211300282587418
288 1.423379601133959
289 1.423379601133959
290 1.423379601133959
291 1.423379601133959
292 1.6014705132489422
293 1.6014705132489422
294 1.6014705132489422
295 1.6014705132489422
296 1.4654281887505523
297 1.4654281887505523
298 1.4654281887505523
299 1.058173214409199
300 1.058173214409199
301 1.058173214409199
302 1.8421861583194281
303 1.5373504129724054
304 1.5373504129724054
305 1.4509226847251786
306 1.4509226847251786
307 1.4509226847251786
308 1.4509226847251786
309 1.525500977208953
310 1.525500977208953
311 1.525500977208953
312 1.525500977208953
313 1.601903183843934
314 1.601903183843934
315 1.601903183843934
316 1.601903183843934
317 1.5298141097184719
318 1.5298141097184719
319 1.5298141097184719
