0 2.5798898089595195
1 1.8515978525845542
2 2.1053824512153207
3 0.7331359099448304
4 0.5526613556569888
5 2.006598507809214
6 0.6778339051033172
7 1.3931913885782798
8 1.290142148070795
9 1.1268540787310946
10 0.21735096435859425
11 1.1775865085844213
12 2.190068052998989
13 1.0188482715623308
14 0.9869442587297526
15 0.9553632618311202
16 0.1
17 1.0020798710105654
18 1.2887073505295783
19 2.127887685447668
20 1.777155969067874
21 1.0004774886758354
22 1.7290618209653765
23 1.4977821484909521
24 1.370405146277377
25 3.216977220457938
26 0.994135003731717
27 1.470940322933129
28 1.143282911544042
29 0.7429597206737617
30 0.7080728413264765
31 2.58914267023827
32 0.8912656780760955
33 1.1127463332887761
34 2.316774686202604
35 2.9860648702725814
36 2.499288716240913
37 0.6255663330176532
38 0.1
39 0.8251089665792619
40 0.7649402719182613
41 1.505449652259748
42 0.8319529111673125
43 1.73926304417063
44 1.560751582655676
45 0.8589258635126269
46 1.6614702752263815
47 1.2748896048536302
48 1.7348781197955585
49 1.5862447852932604
50 1.8112586770578434
51 0.1
52 0.38329646375773097
53 1.0858313425746993
54 2.1747549916322475
55 0.9150663490017343
56 0.19757304260213582
57 1.7311797900983477
58 2.1091709031722274
59 1.8677013771874271
60 0.8348290696913042
61 2.565915243930126
62 1.0370425348528811
63 2.951616695364875
64 1.105563389381922
65 2.011423101436051
66 0.9816989387861133
67 1.8813966763565981
68 0.1
69 2.761290173494723
70 2.0534973836732444
71 1.495513625515312
72 0.5968203066142241
73 0.1
74 1.8181508786549312
75 1.9836954349912501
76 1.4105664969543226
77 0.9411212081714286
78 0.4000519483563012
79 0.9980146488857153
80 3.5106760137486868
81 1.2180154064566378
82 3.188548227812869
83 1.5893528828961159
84 2.775125372777893
85 2.270938429305564
86 2.598605135652014
87 1.5375707472681408
88 1.2279013055721324
89 2.137059020276916
90 1.8068813050046812
91 1.1750853286341725
92 1.3147354973577703
93 1.0312198983649723
94 1.7564335447098913
95 0.1
96 0.6362190924245761
97 1.1553489579368303
98 0.5609504193485824
99 1.7833669850546388
100 1.6718615104353503
101 1.8590609728791023
102 1.257895286186573
103 2.510283877706413
104 0.833025356374235
105 0.9475567223447419
106 1.8734327593027116
107 1.2261235329227829
108 1.9181572226531889
109 1.3599362759447682
110 2.672451242933799
111 2.370785551646847
112 1.7116392858392149
113 2.399193364539135
114 1.534452212843556
115 0.8097983836047826
116 0.6559340756208595
117 2.213274461011805
118 2.3700551382326713
119 2.501059186371546
120 1.8807242561487978
121 2.0737428670938596
122 1.8349588709177351
123 1.0270596709945092
124 0.5178106628909114
125 0.1
126 1.7434817854772626
127 1.7105176417322878
128 1.7610217544672548
129 0.9607872219360701
130 1.95104228240309
131 1.790110119085257
132 0.7973896892765342
133 2.3006743311286715
134 0.8114814342658392
135 1.667206070847054
136 1.107548820625217
137 1.3727284126775288
138 2.0011835092374755
139 2.399753828293967
140 1.0320255131729503
141 1.8569222287070537
142 2.4935225386466584
143 1.0712547769144285
144 1.1277291952240782
145 2.085728777053763
146 1.6110892874810103
147 2.3852085596469355
148 2.1950946490104797
149 2.3100097970934246
150 2.7532851326449794
151 1.827110619630931
152 1.8242177984508614
153 1.3018370639930825
154 1.6513874165614308
155 0.3021623159107151
156 1.4343858254564907
157 1.1220837036995943
158 0.40606844683160903
159 0.7639801706718035
160 0.7543576558877645
161 1.701687661429183
162 1.688346071434247
163 0.4045342768076666
164 1.525501831578579
165 0.4881904653312159
166 2.0294978413691886
167 0.8667785475876051
168 2.5400483087849897
169 3.6054292878287777
170 1.586538919848362
171 4.083936596214782
172 1.205559509782177
173 2.9605217400228563
174 3.9902165840955846
175 0.17542757684098187
176 0.1
177 2.076777523441435
178 2.8557531291276512
179 2.5913463648518658
180 1.3613008485344467
181 0.28339537687042604
182 1.840941829366062
183 0.8056503839715936
184 0.4134022066183626
185 1.7133777832378159
186 0.44628082905704625
187 1.2823071435213869
188 1.330031101314582
189 3.5699992199448998
190 0.9023270689116607
191 2.2353044818834076
192 2.0523042261911706
193 2.1579289845783536
194 0.778763453783869
195 1.4731499865550264
196 1.7184649470788955
197 2.467339519380497
198 1.7898538583348866
199 0.5720491606632011
200 1.2441475502790178
201 2.2626257373669527
202 0.1
203 0.21416979575906558
204 1.8996279192311696
205 2.0159990015993126
206 1.8353262552391931
207 1.0708968227058728
208 2.2037656107229964
209 1.9549085877412224
210 2.8923161188157462
211 3.613987024686155
212 1.591252376743704
213 1.44270268311885
214 3.343782469818497
215 2.979890331776932
216 2.678097108758917
217 2.2548221481528294
218 1.551433927014734
219 2.3577938936894944
220 0.3280756243832559
221 2.408317863348593
222 1.730407778229033
223 0.1
224 2.5123072781387483
225 2.1398196457371492
226 1.9733642539546312
227 0.6576669964340092
228 0.5568241052637306
229 2.1443001276471563
230 1.647661917293754
231 2.1277439006220376
232 0.5876997666246707
233 1.5523816695907433
234 0.8269628715113135
235 1.4761537285226047
236 1.1881916662158365
237 1.0112795002434105
238 1.3774501560484285
239 2.5349358839066065
240 0.9271655783789563
241 0.9253594299754395
242 1.7982864985721767
243 1.9530914710451723
244 1.3994456162522437
245 0.2541910549940456
246 2.1841029213580145
247 3.405114097152072
248 2.3282042935659817
249 0.7207486589929624
250 1.6284764103071647
251 3.371829662376432
252 2.280708814374787
253 0.7878268145862687
254 2.3183785331469298
255 2.2813733174500492
256 2.5674417205022886
257 0.5544012412249286
258 1.4825211046546156
259 2.181205475682026
260 0.9417939064231641
261 0.8618958457305154
262 2.155438746863524
263 2.737204351250199
264 0.9419546339731782
265 2.269481137682321
266 0.5799126663200558
267 1.8349399988842827
268 1.4359621222176715
269 1.4244426804082466
270 2.252754266630397
271 0.8507478526298574
272 2.5226574743404773
273 1.120428134334147
274 2.720789258265163
275 0.8747302153764689
276 2.412531113317913
277 1.187149080609572
278 0.1
279 2.3901454291845887
280 0.7622686443052029
281 4.451826113226581
282 1.5886264623227342
283 1.6318421802521228
284 2.0622268569318063
285 3.8851821706793768
286 1.0001956537680883
287 2.2542241329638335
288 2.3120081430918447
289 2.1309411763227923
290 2.8885429408305905
291 1.865672554461475
292 2.815323975339766
293 1.5590073720195061
294 1.4152406357552574
295 0.5169816668723364
296 2.0475761304080233
297 1.5065050448977761
298 0.1
299 2.0096582172836484
300 1.042430328866671
301 1.2331751626786842
302 0.9342878236418659
303 1.2632374612466082
304 2.6688912697166796
305 0.867090339025673
306 1.1873965040980234
307 1.2108377165665936
308 1.1137741116699145
309 0.13683199821973546
310 1.9194229041759105
311 2.505783023728649
312 2.2426714715427845
313 2.454228437277987
314 1.9609451866380039
315 2.225378948894777
316 2.0645230921367586
317 0.6891686733405487
318 1.7221541527655218
319 1.4515215090067421
