0 1.3823188354193063
1 3.0897087605162166
2 2.1223499196349973
3 1.2589956572152394
4 2.4610446357718723
5 2.1820362937018385
6 1.4404664450025635
7 2.8802002683433927
8 2.4922776056179634
9 1.5399718253956667
10 1.5866827922375408
11 1.8611466603199418
12 1.5486051745987397
13 1.3898448426118097
14 2.792744120444549
15 3.0568079130108377
16 1.3918689850457182
17 0.8339983214216868
18 0.9518885323861688
19 1.8207297975390906
20 2.3971838440084836
21 1.9234605542408034
22 2.801675912301786
23 1.7861209033948409
24 2.018135536984243
25 1.2058191242664893
26 2.70385744800216
27 1.7010561939326319
28 2.505128085525728
29 1.0741584777581898
30 0.7195692494359086
31 1.595307032348777
32 1.7512661650152959
33 1.894560378706058
34 1.7535241011568061
35 3.0336458850802295
36 2.3820934507876217
37 2.402224770305792
38 3.1597928905249613
39 1.220508719818381
40 2.68435290930228
41 2.4550586988419414
42 1.3978474974874737
43 2.2327060348955636
44 1.8199696013674553
45 2.7812318800211733
46 2.963319019147867
47 0.897815181739592
48 1.38399406189045
49 1.629974993898189
50 1.1368864832259635
51 2.6934177207221883
52 1.094254125498749
53 2.0818965695640808
54 1.0025990937144686
55 2.6419624960255503
56 1.3204483803994864
57 2.000753815423944
58 1.6180251026732937
59 1.3072176644305862
60 1.6215137818879035
61 2.303779151333722
62 2.7964726707770877
63 1.5236956900335952
64 0.7941241126137196
65 1.549848338702843
66 1.0994752083724857
67 1.9236339879285533
68 2.2512961836607994
69 2.331307044810221
70 0.9889878120178528
71 1.8489623468593748
72 1.8242345133647302
73 1.831610644779424
74 2.915017436376348
75 1.1871360585976176
76 2.554183041198076
77 1.8186057519334906
78 2.124636998910674
79 2.977308216600666
80 1.6681448634616727
81 2.104989736295033
82 2.8059745639884506
83 0.9129411012980133
84 3.072370472700485
85 1.429299512136911
86 2.7476829524617368
87 3.1442288823602933
88 3.0274179289436516
89 2.8415609918181364
90 3.0439131027316586
91 2.3661799822176035
92 1.644956425952279
93 1.0988366868586865
94 2.6656017037783553
95 3.2927654100903077
96 2.407940197738911
97 2.3855474469899614
98 3.304374268978592
99 3.215740711429567
100 2.994886928718811
101 1.3430659239258291
102 1.7321571644359244
103 1.7452800776905584
104 1.4800236940748375
105 2.04076010386079
106 3.61287341521213
107 2.3174764425289007
108 1.145038766661654
109 1.3348909579972674
110 2.688869239705388
111 1.8844523856296
112 0.6924315496361626
113 2.0217635047925517
114 2.220350718103498
115 1.9245984566626801
116 2.507583508334813
117 2.202300757060584
118 2.020306782631131
119 2.2467839440195414
120 0.9846177504390128
121 2.4324564289951347
122 1.0020961628741858
123 1.1290822481042257
124 1.8385916268375568
125 1.1540487409088573
126 2.6604365761191575
127 1.332515615131271
128 2.6344829893266817
129 1.1710005579633607
130 1.759403791132505
131 0.955905585097814
132 2.8727317947079536
133 1.3219658244712995
134 2.375027881762234
135 1.3457064097807483
136 1.7232321360685363
137 2.8234027445954895
138 1.9704415243325766
139 1.048696758960966
140 0.9111374252754673
141 2.9241246693775382
142 2.217154760587929
143 1.3324605459897618
144 2.0370091985894625
145 2.081252656834628
146 2.6173518545862913
147 1.6397586236982158
148 0.7918373453254436
149 2.4926951417539094
150 2.566810091616914
151 1.7506016273551999
152 1.5732755276108765
153 1.980640473894502
154 1.0246975301691472
155 1.507274727362313
156 3.0203856272986447
157 1.0179355299260855
158 3.1463518010538536
159 2.6511856691225555
160 2.9943694804525633
161 2.5317007384519807
162 1.2341228695233755
163 1.5270580628633212
164 1.3528749094961148
165 3.149053199572783
166 2.4055645851486145
167 1.0755695168555623
168 1.6663196053257985
169 3.073494610085789
170 2.7402223284838336
171 1.325468582551855
172 2.9331675098185688
173 2.5625247873014008
174 1.2114240353335346
175 3.0311144265789487
176 2.932205934821858
177 1.2028756546445243
178 2.3734734889170146
179 1.3015855864179076
180 1.0401324209519467
181 1.319992836995877
182 1.03134939998795
183 2.948622805834209
184 2.612492609880277
185 0.953879782481618
186 1.9542651334371097
187 1.3842895912994464
188 2.108207181547339
189 2.787655807066694
190 3.265166017077735
191 1.6768254925257478
192 2.0612121571526
193 2.2941268270884256
194 1.2684017306337108
195 1.1090948304086197
196 1.8909211291599448
197 0.8075162444782467
198 2.336220045729678
199 1.0251928282400595
200 1.574352942064131
201 1.7771937256615065
202 1.8643511158857502
203 1.3792543047812458
204 3.311188872044222
205 2.1035482239285823
206 1.8770386615955164
207 2.0367422469712313
208 2.0064462140533807
209 1.0143407933487067
210 2.4231915040010485
211 3.1709151997739298
212 1.3390386781873198
213 3.2824893196259217
214 0.9192301651197899
215 1.1458329230987063
216 0.7298687749760876
217 2.762478489192678
218 1.0786818403230298
219 2.6509448369407616
220 2.4375807201022672
221 1.9076383196601745
222 0.9070881778216658
223 1.111338119869943
224 0.8691131363892909
225 1.991669471948022
226 1.1068155457292075
227 1.7464691808306172
228 1.2883697607052174
229 2.47438592516526
230 1.3378617563055064
231 1.356897031307664
232 1.4921598970350156
233 1.2237771699847126
234 2.756526611514903
235 0.8322185065446885
236 0.984269893225853
237 1.440470540457338
238 1.5593219117954544
239 1.9954748495916972
240 2.6634992608763355
241 3.4768609219810784
242 2.0115433866803265
243 1.6199470606110724
244 1.2381973110317424
245 2.2120949893196795
246 2.212503467642513
247 1.0587016248609415
248 2.654575277129472
249 1.1612211032864466
250 2.564959199278832
251 2.35595008031446
252 1.7882073093524782
253 2.2504191428716167
254 2.9202992393688234
255 1.718507836306882
256 0.7462709162576199
257 2.5018404702273713
258 0.9434972925740571
259 2.32206361730008
260 3.0575941384390255
261 2.0327626294381758
262 1.455171875769794
263 0.8041377324954069
264 2.175394134264622
265 1.074310195500393
266 2.4870091361703217
267 1.7696599536024658
268 2.189576308797214
269 2.0629475713747136
270 2.452023933420966
271 2.3845454049196997
272 1.4421226447511912
273 2.7009612819598305
274 0.8495806406365767
275 1.662318196124276
276 1.2765943400032609
277 1.4772252759564737
278 2.5331930402946554
279 1.962299033499518
280 2.1420413769807793
281 2.232289648391602
282 3.0784418091758385
283 1.4763140881921826
284 3.1473881613908565
285 2.1837700437599974
286 2.1739829625627882
287 1.717298394531633
288 0.6844661801876204
289 1.5693273462991515
290 1.770774078603907
291 1.9131705439970113
292 1.9244591667504294
293 1.010912564066277
294 1.6009903159817698
295 2.5199510823783853
296 2.8255603880900053
297 1.3337920398543803
298 0.7383876065300955
299 0.7912181105839683
300 1.9768903231309998
301 2.0127193924853524
302 2.2064959308520598
303 2.657557311084527
304 1.518173878296735
305 1.4701947967330788
306 3.167082751637178
307 2.685958314334252
308 2.94896643149801
309 3.0304295036288336
310 1.9083775662710967
311 3.1770337190796076
312 1.4770959146195504
313 2.6191406097318293
314 2.404722148862406
315 0.9742431458983942
316 1.105711686311832
317 0.7692989370557418
318 1.1108946060601899
319 2.0239525877368743
