0 1.1825163887102008
1 1.1825163887102008
2 1.3301398870870234
3 1.3301398870870234
4 1.2627397694917077
5 1.2627397694917077
6 1.2462758444378046
7 1.2462758444378046
8 1.3220582691193696
9 1.3220582691193696
10 1.3453571596544571
11 1.3453571596544571
12 1.3604426770415499
13 1.3604426770415499
14 1.2051119238770378
15 1.2051119238770378
16 1.2581568940542764
17 1.2581568940542764
18 1.2948435485614604
19 1.2948435485614604
20 1.1616566485719173
21 1.1616566485719173
22 1.1419819264328983
23 1.1419819264328983
24 1.1380082705521226
25 1.1380082705521226
26 1.0415723577901526
27 1.0415723577901526
28 0.8862863555533508
29 0.8862863555533508
30 1.6479119075253457
31 1.6479119075253457
32 1.438265635293425
33 1.438265635293425
34 1.673503429440327
35 1.673503429440327
36 1.3562634351688532
37 1.3562634351688532
38 1.295036688938478
39 1.295036688938478
40 1.1747604365145914
41 1.1747604365145914
42 1.2026685593329753
43 1.2026685593329753
44 1.0855341932505205
45 1.143820159365565
46 1.143820159365565
47 1.0507551068722656
48 1.6557754206322737
49 1.6557754206322737
50 1.3998606740338113
51 1.3998606740338113
52 1.6144322744342203
53 1.6144322744342203
54 1.7807295444164934
55 1.7807295444164934
56 1.7407762335774686
57 1.0575191178856513
58 1.0575191178856513
59 1.1053813003481199
60 1.1015385239366755
61 1.1015385239366755
62 1.3811910376602037
63 1.3811910376602037
64 1.1628426066986475
65 1.1628426066986475
66 1.261365221324343
67 1.261365221324343
68 1.1763832143191266
69 0.9970344428623719
70 0.9970344428623719
71 1.3058312665159055
72 1.3058312665159055
73 1.1097586249919584
74 1.1097586249919584
75 0.709162709192788
76 0.709162709192788
77 0.9223618794520406
78 0.8782175684417415
79 0.8782175684417415
80 1.2839043294924213
81 1.2839043294924213
82 1.484435727392794
83 1.484435727392794
84 1.4958315763084529
85 1.4958315763084529
86 1.3704263208643428
87 1.3704263208643428
88 1.4711971705687645
89 1.4711971705687645
90 1.6693359500182299
91 1.5445226837151773
92 1.5445226837151773
93 1.753239799177316
94 0.8541899574255535
95 0.8541899574255535
96 1.4497448368788173
97 1.4497448368788173
98 1.4809859947964303
99 0.7650284517565611
100 0.7650284517565611
101 0.8724728865612392
102 0.8724728865612392
103 0.8260820394115741
104 0.8260820394115741
105 0.8920767395057331
106 1.4213564920276367
107 0.8900059203595482
108 0.8900059203595482
109 0.7427524003539783
110 0.7427524003539783
111 1.1568307741277046
112 1.1568307741277046
113 1.1695585878680916
114 1.1695585878680916
115 1.1065849307761142
116 1.1065849307761142
117 1.1931463585064217
118 1.1931463585064217
119 1.1045905287550968
120 1.1045905287550968
121 0.960684004019067
122 0.960684004019067
123 0.9574850403700293
124 0.9574850403700293
125 1.1071655637879707
126 1.1071655637879707
127 1.2111736312954464
128 1.2111736312954464
129 0.7363190593802507
130 0.7363190593802507
131 1.3973046666605533
132 1.3973046666605533
133 1.3096010310948665
134 1.3096010310948665
135 0.9739566132291297
136 0.9739566132291297
137 0.813569378501522
138 0.813569378501522
139 0.9833956155548594
140 0.9833956155548594
141 0.7726959701268024
142 0.7726959701268024
143 0.6973530050303822
144 1.9231007488195082
145 0.8683516575380013
146 0.9396417216200941
147 0.9396417216200941
148 1.1806910024526365
149 1.1806910024526365
150 1.1568583615344274
151 1.1568583615344274
152 0.941469570021471
153 0.941469570021471
154 1.5687873369586687
155 1.5687873369586687
156 1.297946662878088
157 1.297946662878088
158 1.7804344800644047
159 1.7804344800644047
160 1.6339924951041112
161 1.6339924951041112
162 1.4886970479528339
163 1.4715813159257396
164 1.4715813159257396
165 1.7199008143291987
166 0.9577554166039358
167 0.9577554166039358
168 1.0631486285481369
169 1.5601113616429991
170 0.945063717717117
171 0.945063717717117
172 1.497445573979816
173 1.497445573979816
174 1.5454644430728819
175 1.5454644430728819
176 1.6791406689867752
177 1.6791406689867752
178 1.6073463141705906
179 0.9766990249683092
180 0.9766990249683092
181 1.4476318309710972
182 1.4476318309710972
183 1.504153357399467
184 1.504153357399467
185 1.256199227457703
186 1.256199227457703
187 1.3424909474583895
188 1.3424909474583895
189 1.1225526644538737
190 0.9185709128382509
191 0.9185709128382509
192 1.1400587348279831
193 1.1400587348279831
194 1.518835393609619
195 1.518835393609619
196 1.5635459304610508
197 1.5635459304610508
198 1.7917769487035002
199 1.7917769487035002
200 1.7183053617266302
201 1.7183053617266302
202 1.7999007055493164
203 1.7999007055493164
204 1.5272163343934726
205 1.5272163343934726
206 1.442730903200542
207 1.442730903200542
208 1.7754102420455518
209 1.1456026026161583
210 1.1456026026161583
211 1.142324541998069
212 1.272469909934333
213 1.272469909934333
214 1.1054975235659061
215 1.1054975235659061
216 0.7690892892788923
217 0.7690892892788923
218 0.9724166351315306
219 0.9724166351315306
220 1.0550737335268983
221 1.0550737335268983
222 1.123787390708412
223 1.123787390708412
224 1.0437433437778538
225 1.0437433437778538
226 1.109074134816298
227 1.109074134816298
228 1.0406654444761019
229 1.0406654444761019
230 1.0312715675668664
231 1.0312715675668664
232 1.1100313765018686
233 1.1100313765018686
234 0.9773445372829753
235 0.9773445372829753
236 1.1002403794252453
237 1.1002403794252453
238 1.0432038195278415
239 1.0432038195278415
240 0.9721130450448439
241 1.295010332331631
242 1.295010332331631
243 1.0367428318473317
244 1.0367428318473317
245 1.1597573084294834
246 1.1597573084294834
247 1.095728665379467
248 1.095728665379467
249 1.0625708959769162
250 1.0625708959769162
251 1.293700844710661
252 1.293700844710661
253 1.4933074926005785
254 1.4933074926005785
255 1.597587823436401
256 1.597587823436401
257 1.6524550778635747
258 1.6524550778635747
259 1.4000577592529078
260 1.4000577592529078
261 1.2791039572806464
262 1.2791039572806464
263 1.3288224526545758
264 1.3288224526545758
265 1.3297649265283042
266 1.0111537591419606
267 1.0111537591419606
268 0.8686559003354201
269 1.2824278436507306
270 1.2824278436507306
271 1.2435379154688104
272 1.1017416442021228
273 1.1017416442021228
274 1.012429415843805
275 1.012429415843805
276 1.2625793523086724
277 1.2625793523086724
278 1.1018103572748772
279 1.1018103572748772
280 0.9078002983530566
281 0.9078002983530566
282 0.952070620070719
283 0.952070620070719
284 1.0389842947304513
285 1.5919257043769086
286 1.5919257043769086
287 2.1203638969450163
288 2.1203638969450163
289 1.8365337387098932
290 1.8365337387098932
291 1.6810504857014381
292 1.6810504857014381
293 0.9328717849422956
294 0.9328717849422956
295 0.874428320518805
296 0.874428320518805
297 0.6720333579677586
298 0.6720333579677586
299 0.8225554212747196
300 1.6423322587515825
301 1.3198660289638102
302 1.7426490332423552
303 1.7426490332423552
304 1.6154890600405833
305 1.6154890600405833
306 1.4103562214868364
307 1.4103562214868364
308 1.1619125095505054
309 1.1619125095505054
310 1.1300431781580282
311 0.9369302656303866
312 0.8740509600065427
313 0.8740509600065427
314 1.0643309563025085
315 1.0643309563025085
316 0.8418260342380137
317 1.3299137518281818
318 1.3299137518281818
319 1.0057557739757303
