0 1.068298598806175
1 2.046788584138686
2 1.3702189412637005
3 1.9658575544387138
4 2.334755830890935
5 1.8784522277961344
6 1.0354698921787204
7 1.363319645133701
8 2.1422885301171593
9 0.9399060333024143
10 1.324431320474155
11 1.9541787062824834
12 1.5362114476019202
13 1.5362114476019202
14 1.9286521553860843
15 1.3566823812477862
16 1.1977568440037443
17 1.6070870731282474
18 1.5625523031706696
19 1.5625523031706696
20 1.419677244548309
21 1.4817704801026403
22 1.4817704801026403
23 1.9883230324826409
24 1.4909046651213502
25 1.890732883455475
26 1.2346955443081133
27 1.1473623687201642
28 1.2879417006824638
29 1.4909261352346213
30 1.8480304442031235
31 1.0336329191493177
32 1.0336329191493177
33 1.6969168395995204
34 1.6969168395995204
35 1.108935578966613
36 0.8396904024343743
37 0.8396904024343743
38 2.0551133097308387
39 2.0551133097308387
40 1.1391981844838432
41 1.1391981844838432
42 0.9520395738833236
43 1.836903850838182
44 1.836903850838182
45 1.2206531861417071
46 1.8061257104956392
47 1.8061257104956392
48 2.3045664720334385
49 1.2691138715476018
50 1.2418693182276268
51 1.0718371858950613
52 1.4570177740251617
53 1.8990528891923557
54 1.4028993887708736
55 1.4028993887708736
56 2.199420018807489
57 2.0741989801995877
58 1.6217962629024525
59 1.1720641708226953
60 2.0096014448418646
61 1.3397553421227957
62 1.890082886376444
63 1.890082886376444
64 2.3361486233761957
65 2.529128320190951
66 2.529128320190951
67 1.8899603005616836
68 1.3007563417699664
69 0.9782791567568591
70 1.113524093947184
71 2.281672239786733
72 2.281672239786733
73 1.6260466759236898
74 1.6212275698091891
75 0.9531429448805724
76 1.2527876949002634
77 1.661661950624835
78 1.2753320732553157
79 1.1023871866067112
80 1.7655049765289708
81 1.9407160153743366
82 1.0897797155139632
83 1.8435204030180494
84 1.8663337422846908
85 1.1420856763038674
86 1.6677012992301516
87 1.6677012992301516
88 1.826274114800976
89 1.162936103930535
90 1.162936103930535
91 0.9680387510825559
92 1.8303342794091795
93 1.199141850325769
94 1.3163992092135695
95 1.9936418160166893
96 1.9936418160166893
97 1.0181897445401966
98 1.9068215657791985
99 1.9068215657791985
100 1.9322635122662277
101 1.3247985653433174
102 1.8086886362602992
103 1.4831978765277707
104 1.529890840381541
105 1.044836488060515
106 2.27482855893786
107 0.9813843166064784
108 1.4857156409341292
109 1.9864044061720842
110 1.9864044061720842
111 1.5985172005403134
112 1.6953583437191952
113 2.1194116293422245
114 1.7970508726102323
115 1.8262758822848446
116 1.99372737590209
117 1.99372737590209
118 1.1039324498913525
119 0.9826408404497974
120 1.7552870638169238
121 1.3970566063536793
122 1.1072127266686294
123 1.8577269565702248
124 1.732384210184741
125 1.7285757027968127
126 1.6192616675483957
127 1.851745412090328
128 1.9333044544217641
129 1.9333044544217641
130 1.6006819913205224
131 1.3718873676271357
132 1.798102476408158
133 2.060777630592934
134 1.4385279547753536
135 1.6729554684777148
136 1.739641018443261
137 1.3697418756167266
138 1.2836886340985874
139 0.6541185654996868
140 0.6541185654996868
141 1.2350492210821307
142 1.917154274543188
143 1.088092247590769
144 1.6774716170397421
145 1.1012922251271002
146 1.6530474826038997
147 1.6560744164631118
148 1.6560744164631118
149 1.9683598210370272
150 1.780706829218333
151 1.3700325626698022
152 1.1961836898936664
153 1.1961836898936664
154 1.1552049734073944
155 1.201536907124432
156 1.600565009970888
157 1.7475234080921118
158 1.006457552608636
159 1.9262512166159347
160 1.194865695660229
161 1.194865695660229
162 1.503420978022631
163 1.851389262811793
164 2.0564300508891304
165 1.6448985943428678
166 1.1450555329544698
167 1.6264396390299076
168 1.6174314097588611
169 1.8301205622992411
170 1.3826394875714167
171 1.1202082045566777
172 1.4082258170038586
173 1.1004129305382384
174 1.823293411420149
175 1.1040478472008113
176 1.76672177960411
177 2.40210170121598
178 2.4180374385561674
179 1.9749096958981265
180 1.0489342841819074
181 2.0446840892350693
182 2.0446840892350693
183 1.1827198451081753
184 1.0273966227367184
185 1.7269719829213297
186 1.1374270267392699
187 1.1374270267392699
188 1.5344372138752689
189 1.813986038599875
190 1.682152019636412
191 1.2324948731965533
192 1.8269154841921211
193 1.2900141109498582
194 1.2900141109498582
195 2.339772908306321
196 1.1771653531984487
197 1.641952329437328
198 1.219275417185243
199 1.756814373572673
200 1.2083873593112466
201 1.8922827469782648
202 1.2674314379598355
203 1.2674314379598355
204 1.1946779295565302
205 1.3790123698873897
206 0.9760424753785765
207 1.528866995839705
208 2.201459013973434
209 2.201459013973434
210 1.6523860916983546
211 1.2667348731890544
212 1.1235915147643203
213 2.081447384595962
214 1.278520735697051
215 1.3802861727781608
216 1.9044132604021646
217 1.6862813971803463
218 1.2833151336646984
219 1.2833151336646984
220 0.9115820396912107
221 1.201142332212498
222 1.4501290475929276
223 1.8870411886081764
224 1.433066439474796
225 2.200574122719809
226 1.576077556255543
227 2.0258048109677658
228 2.0258048109677658
229 1.3705439621697049
230 1.2078970547635985
231 1.3428883052974443
232 2.0926536874203174
233 1.1593630533460426
234 1.0220111864678454
235 1.3820259832422486
236 1.3820259832422486
237 1.244562779351992
238 1.9351726863303915
239 1.3484809991775295
240 2.1165908162007416
241 1.0423323080437417
242 2.0813861980932513
243 1.6454050845481818
244 2.2736779487721233
245 1.4355660613025731
246 1.6131287044458218
247 1.6131287044458218
248 1.5360623755159382
249 1.0666415643336578
250 1.1917044491743118
251 1.1697143229267135
252 1.8761632530384127
253 1.5859178412471129
254 1.1321321417275128
255 2.1052426707414353
256 0.9506207653690077
257 1.473009214615418
258 1.3528073829388834
259 1.5272069359039109
260 1.5272069359039109
261 2.157827847907037
262 2.157827847907037
263 1.1479538991197162
264 1.8328746337322899
265 1.518499415821819
266 1.518499415821819
267 2.088330037133562
268 1.7387370238720579
269 1.7387370238720579
270 1.761550513890849
271 1.761550513890849
272 1.3808907696026027
273 1.6381685190708841
274 0.9680134415652812
275 2.0697795413744355
276 1.370440152145309
277 1.5210652048814868
278 1.5210652048814868
279 1.240137326085251
280 2.000835248628981
281 0.956555509570109
282 1.3116734528285834
283 1.1270567489543604
284 1.1270567489543604
285 1.5674967392517452
286 0.9917940713665173
287 1.0968542296378523
288 1.0968542296378523
289 1.0401194994359637
290 1.4730059799750237
291 1.4730059799750237
292 1.507683972460954
293 1.6707254185055562
294 1.773800190736443
295 1.3714920413846807
296 1.3714920413846807
297 1.446512927889883
298 1.8841674900023455
299 1.1729497527317996
300 1.4544364859238643
301 1.324362269355267
302 1.5112895320189956
303 1.8142263397718832
304 2.107359283211517
305 2.107359283211517
306 2.359245788246476
307 1.056878801438433
308 1.9418916122043783
309 0.9859085253471419
310 1.1521985046770078
311 1.6249618944647697
312 1.2379041768607892
313 2.0272835707151144
314 1.6873230740649712
315 2.1934154134472545
316 2.1934154134472545
317 1.8196463298537096
318 1.3724973529674531
319 1.3724973529674531
