0 2.07742373748303
1 2.07742373748303
2 2.1520125692287104
3 1.7245890506471464
4 1.7245890506471464
5 2.009244355548509
6 2.0807864776492577
7 2.0807864776492577
8 2.3677197302832993
9 2.3677197302832993
10 1.7594103795291685
11 1.7594103795291685
12 2.1742450208716297
13 2.1742450208716297
14 1.8202049045624962
15 1.8202049045624962
16 2.2435534004876185
17 2.2435534004876185
18 1.8844641701563063
19 1.8844641701563063
20 1.9610939022180647
21 1.9610939022180647
22 2.0265452846943184
23 2.0265452846943184
24 1.747829483409768
25 1.747829483409768
26 2.2630570929809775
27 2.2630570929809775
28 2.3787176485585
29 2.3787176485585
30 2.154844556661499
31 2.154844556661499
32 2.027446446728367
33 2.027446446728367
34 1.9993958900312945
35 1.9993958900312945
36 2.144962553124633
37 1.86283525757999
38 1.86283525757999
39 1.815141995960268
40 1.815141995960268
41 1.8639029201486264
42 1.8639029201486264
43 2.042046740765907
44 2.042046740765907
45 2.2160640290590545
46 2.2160640290590545
47 1.6620115681327305
48 1.6620115681327305
49 2.046716861178409
50 2.046716861178409
51 1.8244067658219645
52 1.8244067658219645
53 2.1630782018480392
54 2.1630782018480392
55 2.1113997254618706
56 2.1113997254618706
57 1.9465013149793204
58 1.9465013149793204
59 2.1566296339310327
60 2.1566296339310327
61 1.9854618885205868
62 1.9854618885205868
63 2.199349894012834
64 2.199349894012834
65 1.9265477671328874
66 1.9265477671328874
67 2.0055114577261266
68 2.0055114577261266
69 2.1017258641615864
70 2.1017258641615864
71 2.1783858063187522
72 2.1783858063187522
73 1.9585587065315804
74 1.9585587065315804
75 2.3122340476364553
76 2.3122340476364553
77 2.1505649646712537
78 2.1505649646712537
79 1.9216439591645451
80 1.9216439591645451
81 2.046909368679074
82 2.046909368679074
83 1.6474676232914796
84 1.6474676232914796
85 2.133919741408695
86 2.133919741408695
87 1.9765762523227346
88 1.9765762523227346
89 2.401649538565078
90 2.401649538565078
91 2.560842421889596
92 2.560842421889596
93 2.1967151270316463
94 2.1967151270316463
95 1.9231433190109235
96 1.9231433190109235
97 2.3804701378936723
98 2.3804701378936723
99 2.104781215126389
100 2.104781215126389
101 2.2776468835596315
102 2.2776468835596315
103 2.3603121180218576
104 2.3603121180218576
105 2.324069852746546
106 2.324069852746546
107 2.036144286720912
108 2.036144286720912
109 2.2468542849735513
110 2.2468542849735513
111 2.1487850954168852
112 2.1487850954168852
113 2.219814643955843
114 2.219814643955843
115 2.0049451693862888
116 2.0049451693862888
117 2.3041416608834955
118 2.3041416608834955
119 2.2057170600906546
120 2.2057170600906546
121 1.670210207629152
122 2.069492945557385
123 2.069492945557385
124 2.1466295553930954
125 2.1466295553930954
126 2.298119617634962
127 2.298119617634962
128 2.3532422543288902
129 2.3532422543288902
130 2.287349115892449
131 2.287349115892449
132 2.2559863700008105
133 2.2559863700008105
134 2.3943881239934504
135 2.5476816482614004
136 2.5476816482614004
137 2.0994547554589333
138 2.0994547554589333
139 2.1878632647449128
140 2.1878632647449128
141 2.2348002742464925
142 2.2348002742464925
143 2.0467738789243355
144 2.0467738789243355
145 1.7766445567539098
146 1.7766445567539098
147 1.9616128285948726
148 1.9616128285948726
149 1.985732950092967
150 1.985732950092967
151 2.3294143086904873
152 2.3294143086904873
153 2.3456814856299877
154 2.3456814856299877
155 2.0593323081402053
156 2.0593323081402053
157 2.1092718333138096
158 2.1092718333138096
159 1.9226283867595857
160 1.9226283867595857
161 1.8588822436145742
162 1.8588822436145742
163 1.8004308492027563
164 1.8004308492027563
165 2.1115982403310745
166 2.1115982403310745
167 1.8435248273574918
168 1.8435248273574918
169 2.087983078260881
170 2.087983078260881
171 2.1866356746662756
172 2.1866356746662756
173 2.2838854700872355
174 2.2838854700872355
175 2.084685311442732
176 2.084685311442732
177 2.3222138278452102
178 1.9363096220085307
179 1.9363096220085307
180 1.7618393609130119
181 1.7618393609130119
182 2.200664550178119
183 2.200664550178119
184 2.1329697373793644
185 2.1329697373793644
186 2.230995346972298
187 2.230995346972298
188 2.196417120094622
189 2.196417120094622
190 2.337082339311495
191 2.337082339311495
192 2.3386887628315876
193 2.3386887628315876
194 1.6499044166349661
195 1.6499044166349661
196 1.8684576731926479
197 1.8684576731926479
198 2.169489550232431
199 2.169489550232431
200 2.2976221562125554
201 2.2976221562125554
202 2.0039322895841067
203 2.0039322895841067
204 2.382358639292257
205 2.382358639292257
206 2.1163905981166424
207 2.1163905981166424
208 1.9985187110268756
209 1.9985187110268756
210 1.8558936066777298
211 1.8558936066777298
212 2.219510141148901
213 2.219510141148901
214 2.134050012064346
215 2.134050012064346
216 2.1292923264578563
217 2.1292923264578563
218 2.268422153790735
219 2.268422153790735
220 1.5360625663350596
221 2.297306110077979
222 2.297306110077979
223 2.0574278622172066
224 2.0574278622172066
225 2.2051465290110275
226 2.2051465290110275
227 2.740820755347655
228 2.740820755347655
229 2.333962843851066
230 2.333962843851066
231 2.3593061344436257
232 2.3593061344436257
233 2.42205895964396
234 2.42205895964396
235 2.218932235028797
236 2.218932235028797
237 1.9584434502773007
238 1.9584434502773007
239 1.9199549302102192
240 1.9199549302102192
241 2.1574016922662396
242 2.1574016922662396
243 1.5284618300020654
244 1.5284618300020654
245 2.000397663132634
246 2.000397663132634
247 2.0982901626576647
248 2.0982901626576647
249 1.9820981844456071
250 2.2776724134648583
251 2.2776724134648583
252 2.11410175913452
253 2.11410175913452
254 2.2787446104448934
255 2.2787446104448934
256 1.8588948050746996
257 1.8588948050746996
258 1.9668846223930125
259 1.9668846223930125
260 2.115671148878697
261 2.115671148878697
262 2.380935931348915
263 2.380935931348915
264 2.2957539751905647
265 2.2957539751905647
266 2.0663662415148196
267 2.0663662415148196
268 2.085171547735395
269 2.085171547735395
270 2.223460196471448
271 2.223460196471448
272 1.9368983842098282
273 1.9368983842098282
274 2.0616413377145593
275 2.300336973831387
276 2.300336973831387
277 1.7723914956750992
278 1.7723914956750992
279 1.924214000804503
280 1.924214000804503
281 2.0670363784016654
282 2.0670363784016654
283 1.8685144013522232
284 1.8685144013522232
285 2.1460535531360905
286 2.1460535531360905
287 2.297004509155741
288 2.297004509155741
289 1.9896783281304804
290 1.9896783281304804
291 1.9515873200690645
292 2.1457057188470694
293 2.1457057188470694
294 1.7582114669579478
295 2.3123678594472707
296 2.3123678594472707
297 2.2334878005108614
298 2.2334878005108614
299 1.9753061912116203
300 1.9753061912116203
301 2.2064823849206574
302 2.2064823849206574
303 2.070650163387244
304 2.070650163387244
305 1.885833555490054
306 1.885833555490054
307 1.988987994926522
308 1.988987994926522
309 2.2405392874510652
310 2.2405392874510652
311 2.3407507950324264
312 2.3407507950324264
313 2.1050045468640737
314 2.1050045468640737
315 2.1147495852012366
316 2.1147495852012366
317 2.3087359188266396
318 2.3087359188266396
319 2.4172009227780857
