0 3.4662227134188366
1 1.9036817648091326
2 0.9299915221991986
3 3.3721546435390346
4 1.9761346428338773
5 3.582797509564617
6 2.9707587367740538
7 2.9707587367740538
8 1.7270961439553958
9 1.7270961439553958
10 2.4454737701352087
11 2.328630418224811
12 1.0378884827079706
13 0.6112033509082693
14 0.6112033509082693
15 0.1296486562689383
16 2.7583058011742057
17 2.7583058011742057
18 1.5850245647116672
19 0.7738962557557847
20 4.90090241568927
21 3.0956685019624537
22 1.4364800347236764
23 1.5523077869718467
24 1.3892518893253074
25 1.3892518893253074
26 1.005480119368503
27 1.005480119368503
28 1.628149280613551
29 2.651912984505589
30 1.183196157042023
31 0.5435920330825499
32 0.9587380151266978
33 1.147462819263247
34 2.495756194342055
35 1.6643239111601074
36 1.6643239111601074
37 1.1490088411463077
38 1.1490088411463077
39 1.5090580665698146
40 1.5493294551091732
41 1.7646515770849933
42 2.9707818926013774
43 2.6472979524244695
44 1.9362903646303198
45 3.2277215707994618
46 1.2121547306918594
47 1.212696405984795
48 3.0976903251483456
49 2.129691472726879
50 1.893314239672789
51 1.2392731982424436
52 1.265274570540187
53 1.265274570540187
54 0.1
55 1.6423748770900302
56 3.1080664146640813
57 0.8558163011020045
58 1.281341243665525
59 1.626354414474758
60 2.9759022496392715
61 1.1792170864933333
62 2.483563636739303
63 1.7507374758651393
64 1.2795509807253702
65 3.536154420320271
66 1.63256225658885
67 3.147395878772481
68 3.038118648254211
69 0.9760459626443432
70 1.7613739505666643
71 1.7613739505666643
72 3.072873285318445
73 1.6064260562296488
74 3.5187422939121604
75 1.2693397186368172
76 3.5229683997436307
77 2.3808018965190025
78 3.090935076305493
79 1.4947582925467593
80 1.1697536247762437
81 1.5089998674228038
82 1.5089998674228038
83 1.6346070110684034
84 1.6346070110684034
85 2.916924995572456
86 1.684406876325227
87 0.9577942221219906
88 1.021181185277418
89 1.021181185277418
90 1.2146511334207695
91 2.6416813375848656
92 1.391509965782543
93 0.9519721624051105
94 1.7151873695555218
95 4.207815540678981
96 2.6987553946164065
97 2.0865835565871116
98 2.405145345536324
99 2.88381779410403
100 2.042558290993398
101 2.921813829773207
102 0.1
103 0.9412610469038698
104 0.9180974299931358
105 0.1
106 1.5559936609169644
107 3.3724824829400304
108 4.548034174783303
109 0.9979442767872843
110 2.1234236367088486
111 0.43744004208871434
112 2.432537534795523
113 1.1852596730795761
114 1.7976688870433182
115 0.1
116 1.596840471261561
117 1.596840471261561
118 2.055871234217663
119 2.4407880363017673
120 3.794139142019892
121 5.47144735597108
122 1.534043747865277
123 3.2875903949930185
124 2.291938494354687
125 0.859278195150305
126 1.9680388172518484
127 1.9680388172518484
128 1.0564015336080503
129 0.48142965160613826
130 2.7609824655763746
131 1.5959983768560966
132 2.106103161553001
133 2.106103161553001
134 0.9841142484647174
135 2.5259044859291584
136 3.270089160136803
137 1.4168150074346877
138 2.1277457095728725
139 2.395350199030292
140 2.671321864508754
141 1.9145143236019937
142 0.1
143 1.9507653912339036
144 2.8107532982290113
145 4.791510519159539
146 3.2424598951719914
147 2.4547795488862985
148 2.177737015022136
149 4.718426731168394
150 0.6385197939959246
151 3.117928532955961
152 2.151093155851737
153 1.172537905378532
154 1.189858697425357
155 1.189858697425357
156 2.7339730497063406
157 2.7766769374814464
158 2.7766769374814464
159 4.331803700866876
160 1.0406430593849112
161 2.9907821366742136
162 5.487398091058845
163 1.7614846183163306
164 2.0003592190503476
165 3.3145582378996856
166 1.429247702449013
167 2.8680378771839776
168 2.8680378771839776
169 1.0708278747332034
170 1.8440583270215427
171 3.127708993602901
172 1.906923469830064
173 0.9300308027825162
174 0.9300308027825162
175 0.8697641405389045
176 3.1394905206079367
177 2.2375318291378044
178 1.076508979422025
179 1.076508979422025
180 1.3234509136931105
181 3.264750380010813
182 3.598797248232612
183 3.598797248232612
184 3.4250850322574355
185 1.46926488181976
186 2.7305215792969606
187 0.9254944121575566
188 0.9254944121575566
189 2.915772217499831
190 2.915772217499831
191 4.482396932183008
192 4.482396932183008
193 2.6688657511558627
194 3.896770377634347
195 2.484633190884843
196 1.305089881338379
197 2.5223552238925624
198 2.7275714827030053
199 3.2733352654679995
200 3.2733352654679995
201 1.9616762556408611
202 2.3715351690626147
203 1.1506850922978669
204 1.387066721382554
205 2.420074691782932
206 2.0412593464480913
207 0.1
208 0.1269120100018668
209 4.051603714539819
210 0.1
211 2.229629221023364
212 2.229629221023364
213 1.2717742991843841
214 1.9855818982784306
215 0.26997040963655206
216 1.2516159366056485
217 0.5676806981560638
218 0.5676806981560638
219 1.8443111605758586
220 0.6322023273297416
221 0.8689405584561616
222 1.4521376232298795
223 2.4941216052840565
224 2.4941216052840565
225 1.761366814153248
226 0.6407572232843018
227 4.339320443746995
228 3.1781676323064807
229 2.0360158155655053
230 0.19341322312944698
231 4.223292115342445
232 2.008647756016524
233 2.008647756016524
234 1.7924460036002106
235 2.41969007637964
236 1.6057780683454534
237 1.6057780683454534
238 2.1381737025758154
239 1.4088829479435567
240 0.2595930881601509
241 3.167686280039193
242 1.3121299884160786
243 2.405046220838301
244 2.329710377455222
245 2.329710377455222
246 0.9925967709362435
247 1.7301294410194823
248 1.7301294410194823
249 2.9242536179440672
250 3.285338046486574
251 3.285338046486574
252 2.0235669780772376
253 2.516788330905919
254 2.3881500610002506
255 0.9348533183346031
256 0.9348533183346031
257 1.5710758601792332
258 1.8894190434839664
259 3.3265024595032777
260 3.3265024595032777
261 3.5423646966452775
262 0.5453847954168034
263 3.232951944425457
264 0.7356046348889644
265 1.2236611776971615
266 2.28166716902736
267 0.9510959676625907
268 0.9510959676625907
269 2.131165235374066
270 3.896029502181791
271 3.896029502181791
272 0.9673030182506486
273 2.5590190097714745
274 0.839920648036518
275 2.22567704236314
276 2.885802872407383
277 2.885802872407383
278 0.9624157096340606
279 3.7174718056377567
280 1.1853786432719873
281 1.160241273907333
282 1.9809836556238172
283 1.9809836556238172
284 2.4967201016620284
285 1.7104430112316578
286 2.1065130067379405
287 2.2734661888306116
288 1.7153998094739407
289 4.9783838140787235
290 2.3950304011982566
291 3.421513616782931
292 0.9911353600019623
293 3.1746657959398963
294 3.1746657959398963
295 2.9017183388807166
296 1.9246411435588557
297 1.839993528930199
298 3.9617825738315955
299 1.0250983297747394
300 2.5477060821210067
301 4.71999969932429
302 1.6059324087912217
303 2.3872654421384247
304 2.9941840836844014
305 0.30832025129123863
306 3.4836911995706648
307 3.472061865120536
308 2.2073979637879937
309 3.980545339348524
310 1.29134390952452
311 0.41672103805200966
312 1.045684074089581
313 2.673530131295414
314 0.9086103400997805
315 2.9472362572858444
316 2.131036703265075
317 2.462393953152341
318 3.8707389296064285
319 3.8707389296064285
