0 0.43403127479189735
1 0.8451282691671798
2 0.14689882410704114
3 0.25520497317571866
4 0.13110699725824465
5 0.3609366689466284
6 0.737925557047177
7 0.390845962219745
8 0.4910126973397902
9 1.0079279735684434
10 0.3842358086274943
11 0.14579389405634358
12 0.14579389405634358
13 0.21453921660197028
14 0.514903112256307
15 0.514903112256307
16 0.4704210685171246
17 0.1
18 0.7239155076441408
19 0.4827371644627315
20 0.4827371644627315
21 0.7009049334180832
22 0.38029756544547283
23 0.9517916036733564
24 0.1
25 0.1
26 0.5662831529553071
27 0.6406974874876576
28 0.5996740287483537
29 0.18147404912003645
30 0.5768510943057613
31 0.5768510943057613
32 0.12620685820906857
33 0.2235084717191404
34 0.5292963572761169
35 0.2735739435989496
36 0.2735739435989496
37 0.5373534468218325
38 1.0313136837990766
39 1.0313136837990766
40 0.7225585686238949
41 0.5305086841272131
42 0.2758169204483655
43 0.743283856505833
44 0.29257050139681257
45 0.2375815346248991
46 0.20470545882745977
47 0.9157973536398571
48 0.362298940581059
49 0.362298940581059
50 0.6199564553812966
51 0.4091581615736523
52 0.3240981728153458
53 0.5432184010798108
54 0.627726907941911
55 0.627726907941911
56 0.6928240687758749
57 0.7558432184016448
58 0.3310114357259001
59 0.6206673326027574
60 0.7192259299086228
61 0.741988838595027
62 0.393561154874697
63 0.4271330921129338
64 0.13878968031491018
65 0.13878968031491018
66 0.7254609462973045
67 0.6421134761681944
68 0.3769316959991392
69 0.45785699289116233
70 0.5247193306783671
71 0.5769986874872974
72 0.3540711913260124
73 0.45164252349480183
74 0.616907060090484
75 0.616907060090484
76 0.5372934842670437
77 0.47392076497085933
78 0.1
79 0.15229681630125996
80 0.1
81 0.949799007456622
82 1.0315970758160828
83 0.7896021162360318
84 0.1
85 0.7098702943570221
86 0.49820917413374044
87 0.28268540660907415
88 0.5654137596960342
89 1.0853787962134294
90 0.6903823038232053
91 0.562211955229949
92 0.5347941249393857
93 0.9031356095994537
94 0.5446168171482075
95 0.2185659139056515
96 0.6296476294797936
97 0.29285920521677866
98 0.4095426789515004
99 0.48398934339292204
100 0.25168406114843844
101 0.9109406988850436
102 1.1058950823845828
103 0.42622483765982677
104 0.27011233211080476
105 0.27011233211080476
106 0.1
107 0.36427304171955815
108 0.169250857748762
109 0.7744563805728604
110 0.1417319908747755
111 0.8139260230792528
112 0.5588836975951423
113 0.9335537256397015
114 0.33504122605562736
115 0.4820262328709603
116 0.5799816867831218
117 0.4721993824863068
118 0.5856916394943643
119 0.36498484782861984
120 0.41368489324561053
121 0.41368489324561053
122 0.26440887196541385
123 0.26360006588033646
124 0.5366044586522394
125 0.669375549291906
126 0.5804510541513616
127 0.5877507779433395
128 0.42889673992053273
129 0.2619861168997122
130 0.3492121908254943
131 0.64025974171635
132 0.64025974171635
133 0.6103690796082788
134 0.6244566921013002
135 0.30357760257043787
136 0.4555649641245695
137 0.37875567123748954
138 0.1637719882257211
139 0.4747550558933199
140 0.6043193367892729
141 0.37538196289226666
142 0.2923911580366654
143 0.41810724576700375
144 0.5165516925619883
145 0.5165516925619883
146 0.6643231644697922
147 0.6643231644697922
148 0.3707303822805405
149 0.3707303822805405
150 0.5465448525868969
151 0.4444450760780914
152 0.39796576125616673
153 0.3694021793475743
154 0.2449860722050398
155 0.4638962493175934
156 0.4638962493175934
157 0.23964337844620365
158 0.3128198132408979
159 0.1874633111025315
160 0.9766049024603061
161 0.39788046728980514
162 0.19375167745700966
163 0.5758565117305787
164 0.33447125013514767
165 0.45756055087646763
166 0.3100119895201562
167 0.41632792350054776
168 0.5626460570858757
169 0.5626460570858757
170 0.3038646475538417
171 0.2400048558127685
172 0.4864433949077549
173 0.1
174 0.1
175 0.4188384489531227
176 0.6138318198017367
177 0.5612604862250246
178 0.5612604862250246
179 0.1918715778191749
180 0.3877188876442337
181 0.3263254604888548
182 0.45405364961050015
183 0.6560697259521778
184 0.1
185 0.432427124617123
186 0.14319070216811436
187 0.16832736730279876
188 0.35630682183101536
189 0.8346039049535765
190 0.8346039049535765
191 0.32690364702544217
192 0.5484916222748016
193 0.5881960859736104
194 0.16044640832852877
195 0.7194630012850762
196 0.5209398728832695
197 0.4688667734645811
198 0.5837681522255417
199 0.5869055466113627
200 0.24540518882073636
201 0.702306214781396
202 0.702306214781396
203 0.821327306913362
204 0.3520849764777575
205 0.37637492444840304
206 0.35012976774359084
207 0.22066340066773013
208 0.520398413485498
209 0.6653133503689022
210 0.6653133503689022
211 0.44535509973983656
212 0.5081388745983251
213 0.18591287208400414
214 0.49596078154767914
215 0.7823572488027813
216 0.4699741121303099
217 0.1
218 0.1
219 0.473207283715556
220 0.5359155075179924
221 0.20539098356105748
222 0.9086403737835261
223 0.18859640725476307
224 0.7275118164429732
225 0.36949224520645507
226 0.3507237542271557
227 0.4870132090714848
228 0.33498529063885285
229 0.25946078563792346
230 0.20650953779171854
231 0.20650953779171854
232 0.18454920486171195
233 0.786087908125434
234 0.4164604046439852
235 0.5737357424411925
236 0.22764924518544036
237 0.5361101864444664
238 0.4477320120687362
239 0.23429001863131857
240 0.1
241 0.4553110275728103
242 0.8690324188594528
243 0.8133100653111132
244 0.3139748066009206
245 0.3421882646347757
246 0.3421882646347757
247 0.6467032000203116
248 0.20592689899057026
249 0.5539827688605006
250 0.5539827688605006
251 0.4762579713823335
252 0.17030138818598634
253 0.17030138818598634
254 0.8724119423758707
255 0.4622297560544292
256 0.4497633566498197
257 0.25746272325592756
258 0.7822028397729108
259 0.1099048677660418
260 0.32032322567052574
261 0.3413646670048395
262 0.47070212488320784
263 0.5748917701751965
264 0.2235478904674736
265 0.4935196666011468
266 0.4935196666011468
267 0.33686722378939865
268 0.33686722378939865
269 0.3171705842155707
270 0.595774104020689
271 0.7396850716470065
272 0.4820702267158796
273 0.5210538884486391
274 0.3693219615583349
275 0.3983315751118475
276 0.1999461386318319
277 0.1999461386318319
278 0.17631686500821916
279 0.1
280 0.35592917733797336
281 0.5492344186786035
282 0.5837051325499923
283 0.33948979391485246
284 0.35822612473969206
285 0.719583035063444
286 0.298649914521104
287 0.298649914521104
288 0.1
289 0.2731963072210062
290 0.3637696036341157
291 0.894466166023719
292 0.2656754147828313
293 1.0034917616750314
294 0.5378048373346725
295 0.7834262192051706
296 0.7834262192051706
297 0.21708830360690232
298 0.4535890424295149
299 0.1
300 0.5632509346489846
301 0.5046508482758927
302 0.4268079527139419
303 0.5805651968548112
304 0.391747013605975
305 0.36058976031478035
306 0.23231318644505555
307 0.6048544330946239
308 0.6685224407922377
309 0.4498301334063332
310 0.3872042066669614
311 0.687053581784153
312 0.24453659715975207
313 0.5162867378241394
314 0.40087174743998244
315 0.5931717882737656
316 0.41226530618972207
317 0.41226530618972207
318 0.45115602019523704
319 0.48183651062307337
