0 0.20568108407321148
1 0.24838973121132268
2 0.34616160831921855
3 0.34616160831921855
4 0.377661448819267
5 0.42463500969674367
6 0.249081508655813
7 0.29276201353669473
8 0.3976819221892804
9 0.4320230056065812
10 0.3190780979947079
11 0.4093632711226028
12 0.2933855473081795
13 0.2933855473081795
14 0.44950530947108625
15 0.43362684842544424
16 0.28253600069741697
17 0.4081072708754769
18 0.23776902326733812
19 0.40468394122128165
20 0.30125335097517314
21 0.456665780892931
22 0.456665780892931
23 0.4583310122838627
24 0.2897749277625937
25 0.2397987812381242
26 0.3878259728743842
27 0.3878259728743842
28 0.4217071725371974
29 0.29239707305431534
30 0.39436988626894076
31 0.434870398027266
32 0.19394307537466088
33 0.3474052521250703
34 0.2395324692213022
35 0.28668543167136373
36 0.28668543167136373
37 0.2854048268407453
38 0.2204624622946365
39 0.5101651311871348
40 0.5101651311871348
41 0.2885132618431246
42 0.23702483750022876
43 0.21841836993193683
44 0.32681773600087616
45 0.20338249849479828
46 0.20338249849479828
47 0.41588038342846406
48 0.4021058069179495
49 0.5656020321324993
50 0.5175224922924253
51 0.4641860154844238
52 0.3208243262706697
53 0.3208243262706697
54 0.3165651448165079
55 0.5211325996682088
56 0.41425893490705057
57 0.4759202902238772
58 0.39677309843509556
59 0.36155961329247566
60 0.26527321160533923
61 0.3636850545236197
62 0.37706409154850146
63 0.23787353332900155
64 0.3326868758112666
65 0.3326868758112666
66 0.20745156481098093
67 0.24342378668179465
68 0.24342378668179465
69 0.22800830461562432
70 0.4610372768275979
71 0.4343721414818762
72 0.2616241196683115
73 0.4561647460717094
74 0.21370421004453355
75 0.3410960078888829
76 0.38653038347712254
77 0.4496741463223387
78 0.29603886385886524
79 0.23755290890756356
80 0.20871894912780056
81 0.20871894912780056
82 0.36661673338777373
83 0.4293139971939588
84 0.44611597379534157
85 0.4593422210032797
86 0.4507133442722958
87 0.31855772736308025
88 0.34637960222894
89 0.5326790989335864
90 0.25316693152475567
91 0.24658457816501742
92 0.4073971235938004
93 0.22744399137859594
94 0.3663133272408056
95 0.3663133272408056
96 0.30822304590226
97 0.2643376620954787
98 0.2672639825994331
99 0.3803589591798071
100 0.3462727139679158
101 0.35051495428893936
102 0.29892830575669666
103 0.2740409537974808
104 0.3441410394791847
105 0.23355806981848923
106 0.27507892288319724
107 0.27507892288319724
108 0.38976329384432495
109 0.38976329384432495
110 0.45467159645841243
111 0.45467159645841243
112 0.24757498976639852
113 0.3699697686199677
114 0.3699697686199677
115 0.2484469439581978
116 0.23404401749234754
117 0.28369343723708873
118 0.4070943874802917
119 0.2543174016308818
120 0.20119545389118024
121 0.41191928930795474
122 0.25632987307300253
123 0.3498561132242167
124 0.385835386044933
125 0.39670547384985366
126 0.2747419626917135
127 0.2734903575802005
128 0.2734903575802005
129 0.5137079489878565
130 0.25907196625838486
131 0.21323850318372692
132 0.33850670029679136
133 0.33850670029679136
134 0.2651182197833035
135 0.26970850146495645
136 0.44023029599197183
137 0.2428795121930649
138 0.3399609571790405
139 0.31295210548800567
140 0.3615237619487961
141 0.24689298183975472
142 0.44688097824251416
143 0.2506182720105353
144 0.44138907948241474
145 0.26650432044007616
146 0.26650432044007616
147 0.34503879956886746
148 0.28491188294111275
149 0.3928698749183953
150 0.24619610012746612
151 0.4341747182133748
152 0.544968128377476
153 0.2827365206309332
154 0.4770854226140769
155 0.3359318667102442
156 0.4892173645703722
157 0.39616417328021436
158 0.3992954250849791
159 0.4519266691557564
160 0.3515060220664761
161 0.32954728557768403
162 0.26941345891172225
163 0.26941345891172225
164 0.31757384008318773
165 0.23166965263168476
166 0.4369197589574455
167 0.4369197589574455
168 0.2775217798155708
169 0.24412932870343976
170 0.24412932870343976
171 0.460134956642958
172 0.3298536003623109
173 0.22253322249802454
174 0.22253322249802454
175 0.3021720563907946
176 0.2394726743735006
177 0.29698621644515166
178 0.215743412196241
179 0.418275947606021
180 0.4998368754633671
181 0.2683918222251241
182 0.19981937143581632
183 0.2898680022445178
184 0.4798780923886424
185 0.27571954361520923
186 0.27571954361520923
187 0.2639874335205406
188 0.43151561053080395
189 0.5415618495881711
190 0.5415618495881711
191 0.4942021805446762
192 0.40233405214369594
193 0.31493897145731703
194 0.1999781638523141
195 0.22902195816839002
196 0.3848470622502813
197 0.22177017143721137
198 0.39960543591507136
199 0.39960543591507136
200 0.257328846321813
201 0.19467284957520317
202 0.24344497076376967
203 0.30266252450871356
204 0.30266252450871356
205 0.25909660599716944
206 0.26650906923866385
207 0.2958929483674493
208 0.35732018438639496
209 0.2657533024168974
210 0.4697231829539472
211 0.28669704989690237
212 0.1689000991794547
213 0.3833983684389656
214 0.26817635446034666
215 0.2107487237766588
216 0.2864246293105565
217 0.4457611915516306
218 0.2910468730945736
219 0.37958991958943855
220 0.24249400479365701
221 0.33161040000022524
222 0.44773651709159734
223 0.41757709695260464
224 0.41757709695260464
225 0.5326414075066108
226 0.27201026539417184
227 0.26762441890335903
228 0.43010811936699617
229 0.43010811936699617
230 0.4573670712775685
231 0.31278843919993504
232 0.43293478725038825
233 0.45657491374924664
234 0.27535163294800896
235 0.36523575909500416
236 0.3667231323326714
237 0.3667231323326714
238 0.39163683299965923
239 0.39163683299965923
240 0.4193824090389387
241 0.28436267696338763
242 0.5467049844367475
243 0.2891028062507193
244 0.2891028062507193
245 0.5077949607322341
246 0.4265816566525181
247 0.5062873824510506
248 0.3807915816016448
249 0.5237550450299687
250 0.2974265267017092
251 0.22204929029299805
252 0.3693332715900761
253 0.37288303691314206
254 0.26491842318662545
255 0.26491842318662545
256 0.45281019568931113
257 0.4503300076568355
258 0.4503300076568355
259 0.4558389753214708
260 0.4489106570105798
261 0.23186264578707846
262 0.2654598406604285
263 0.47357483696419944
264 0.27776376376886464
265 0.2711183005889421
266 0.2584876867256197
267 0.27537406167232037
268 0.1813727981823463
269 0.19139002499380986
270 0.5193985556802143
271 0.377564707359699
272 0.3959358228525722
273 0.4153208211795163
274 0.4153208211795163
275 0.226713568039922
276 0.3486413972103016
277 0.20671710910505073
278 0.30360820475020484
279 0.3697820244152494
280 0.3409249326914207
281 0.3833379221409229
282 0.3388703649270966
283 0.16035249227411955
284 0.27370503062175033
285 0.27370503062175033
286 0.28452091352231956
287 0.36194243665026293
288 0.3692516327036305
289 0.3692516327036305
290 0.390439855509334
291 0.390439855509334
292 0.33633719325235
293 0.2224035574054655
294 0.2224035574054655
295 0.25552927543972176
296 0.409451259051421
297 0.2811302142614823
298 0.417164598891329
299 0.33183197200148057
300 0.41513608616735675
301 0.2676364892247353
302 0.35565507116965756
303 0.3494322325956021
304 0.23810609033870678
305 0.2623287054300411
306 0.3207736146803243
307 0.3207736146803243
308 0.28000021359660326
309 0.3797211201045303
310 0.3685340741676755
311 0.22123513529984645
312 0.3774130979452744
313 0.3774130979452744
314 0.266945858610967
315 0.35902164615939886
316 0.4370977818530668
317 0.4287420052545873
318 0.31561007773752914
319 0.31561007773752914
