0 0.885168427586408
1 1.144415801311559
2 0.8367023215557603
3 1.2702191671982483
4 1.2291731162565023
5 0.7742238434308708
6 1.6593543161941533
7 1.7185138603595669
8 1.646266886200199
9 1.6672192755900301
10 1.528268112964969
11 1.3494949674812056
12 1.6975394390874032
13 1.852653290051118
14 1.5290435281079617
15 2.419417364001634
16 2.3072196454458886
17 2.523264994312046
18 2.7458136687699914
19 2.34384526699008
20 1.9979213767944284
21 1.8286271337287687
22 1.9580334911638035
23 1.937884329281933
24 2.0195021832593634
25 1.9758333483582506
26 2.110594725852888
27 1.6209500142893565
28 2.348561921685484
29 1.9431023575946718
30 1.6281775724974459
31 1.9088975136324975
32 1.6470188872682592
33 1.9236984871694105
34 1.9816265163807265
35 1.884442640771471
36 2.3313585120307017
37 2.433375575841885
38 2.447854615421038
39 2.609885847205671
40 1.658277193348769
41 0.813321819861011
42 1.1489256855487942
43 1.2564610445353996
44 0.8909916650200065
45 0.9140199211823132
46 1.1131828475841792
47 1.052010556854776
48 1.9604514547174607
49 2.175541222544752
50 2.1132382634186873
51 1.4663653361211932
52 1.5298185935812867
53 1.287378041480423
54 1.3908008212299674
55 1.5526137864358176
56 0.9234183388582498
57 0.9178771526281092
58 0.8435870305552026
59 1.0548187840903418
60 0.8169182913065027
61 0.8436014336849297
62 0.9918999706895881
63 2.432391427957992
64 2.167844704389306
65 2.074304963356916
66 2.4061975408431437
67 2.439077679775347
68 1.8683001495248757
69 2.510916315416217
70 1.2530681097649075
71 1.0195550344404671
72 0.902307993855829
73 1.0375742685830156
74 0.9357275418291698
75 0.9919797351117057
76 1.2656664547464997
77 1.0033084321324017
78 0.9705269487838408
79 0.953739888002894
80 0.9590778200893533
81 0.9363435329610337
82 1.2384387390564657
83 1.0119781550876317
84 1.0312563639684669
85 1.0612136858555714
86 1.5465911961192855
87 1.9999624468591306
88 0.8344171067118453
89 1.0535067207792161
90 2.2069993329798434
91 1.5664943746924374
92 1.900225284572576
93 1.979751096658633
94 1.7674393006282523
95 2.0922174940306206
96 1.9310290132100434
97 1.7045413975421133
98 1.9719273772792627
99 2.113065539651257
100 1.1022288177535893
101 2.0183323046025774
102 2.547321957752138
103 2.353400355685424
104 2.6794713104496664
105 2.3589357033766523
106 1.9925586308423693
107 1.7862408285631057
108 1.8888404970986787
109 2.115596404251189
110 2.2480834175569657
111 1.9056883478023305
112 1.8279807403644646
113 0.9411055430016121
114 1.1541626369655236
115 1.1442773712945804
116 1.0868377399992941
117 1.8765851644340543
118 1.732897274218322
119 0.7507048614464746
120 0.6391481967201195
121 0.9138976540662364
122 0.7674588017098753
123 0.8014696190552268
124 0.8966715075552267
125 0.756271860164551
126 0.8492328346257356
127 1.2265596135733685
128 1.1653092875227558
129 1.112186299686876
130 1.2854608814160888
131 1.4088940115690383
132 1.6074613418044241
133 1.0385996934474113
134 1.0574285146768083
135 1.3542335041632243
136 1.3034480693017692
137 1.115047487759754
138 1.1660216830669476
139 1.1600946544136383
140 1.091671465477686
141 1.3779176449923471
142 1.2192473563621564
143 2.037996832256813
144 1.8482280293476951
145 2.1242752365829873
146 1.8492331466797112
147 2.839901000065471
148 2.7314487253897797
149 2.6003795837803003
150 2.6824547310566142
151 2.662471981385703
152 1.928545716887233
153 2.2654281217953702
154 1.5705946590618367
155 1.767871495840433
156 2.1703394888538003
157 2.067911394217814
158 1.8812270684497236
159 2.4098203103717526
160 1.037702359682416
161 0.5149927688115026
162 0.5930405947741443
163 0.6295171891663747
164 0.4945010800055994
165 0.5588519386637211
166 0.6476726029817178
167 0.5064244125045372
168 1.225646338276979
169 1.1437704534198339
170 1.3921608168671558
171 1.0613177806533074
172 1.3029537671462725
173 1.1069344036083542
174 1.3266512263160026
175 1.2313479280016526
176 1.2265062012549104
177 1.3385903281683837
178 1.022499376877675
179 2.1870081813174447
180 2.4273580946817885
181 2.326401065863663
182 2.1100109764461354
183 2.274472390780308
184 2.348609389507529
185 0.8939121347900111
186 0.9106614610349107
187 1.1197097225486408
188 1.8925059500038386
189 1.830408520597353
190 1.7562925480150686
191 1.80167864286041
192 1.9889262258936864
193 1.9234997731633807
194 2.0116627030467926
195 1.6907233831643322
196 2.0168677240775734
197 2.0166359492281054
198 1.938688378159662
199 2.0243615443583405
200 1.806683396929413
201 1.6910865089653662
202 2.406439471774864
203 2.423075915520479
204 2.5902041736051946
205 1.9740868713930542
206 2.3776474515009793
207 2.44382706764304
208 2.1666249094770382
209 2.304211768861752
210 2.4484818233205727
211 2.3769060661677015
212 2.154506828073515
213 2.2112594085621398
214 2.508038314714396
215 2.331656668887623
216 2.0692856590404904
217 1.7641738429503557
218 2.342856280494295
219 2.3281336151830385
220 2.4267236528781373
221 2.1164737297519527
222 2.4899358975189507
223 1.9233946630781562
224 1.79594858439857
225 2.7532789145107572
226 2.103335696838643
227 2.471661573655103
228 2.760172823763147
229 2.903438795092723
230 2.1783069565976576
231 2.174013205814478
232 2.0912385401681512
233 1.4793092955025824
234 1.1093465274326373
235 1.169811725683146
236 0.766017056488706
237 1.0908573145385714
238 0.7788092333639299
239 0.7219211703392714
240 1.8275889209548724
241 1.8431871167508243
242 1.7413669938920864
243 1.5511189558662646
244 2.09051285594548
245 1.8044807984418672
246 2.487769019099991
247 2.6720004425579784
248 1.0892614598570167
249 0.89769424097249
250 0.9810548621760876
251 1.1123190968132215
252 1.3888006960041273
253 1.6830432843653373
254 0.9943468608452392
255 0.9198891583923138
256 1.0298082959402857
257 2.08114941973732
258 1.7352975626750078
259 1.8002688716882602
260 1.9166981600299686
261 1.8025315922215872
262 0.8982240757696448
263 2.110903214058934
264 2.8657784303027496
265 2.4685062907020336
266 2.155035809979012
267 1.9545868328572336
268 0.8345867493155427
269 0.865438406191636
270 0.7969654174557693
271 0.7479752489283118
272 0.7774918766817593
273 0.7001209726073093
274 0.7943856570194657
275 0.8027480326543519
276 0.956775262705795
277 0.7919674923890316
278 0.8225914840007716
279 0.8249833495055316
280 0.8510736586930061
281 0.7926635129383982
282 0.9564468841787991
283 0.8891380077363419
284 0.7719971174199058
285 0.8387558192384662
286 0.8867189739015737
287 0.780213298212358
288 1.7332826023621617
289 2.088201173506813
290 2.018987353307874
291 0.9609554992300026
292 1.0394520483000809
293 1.1081224926656201
294 1.1136934695202174
295 1.2218150264750463
296 1.8302469429468489
297 2.1327923121962202
298 1.6936804471736369
299 1.3944032460131481
300 1.684479434676271
301 2.0896983823724224
302 2.047922492083447
303 1.1639040372898182
304 1.3154104660915122
305 1.4220371609498852
306 1.2365309355673657
307 1.0874194918675677
308 1.4894261997667844
309 1.307564759820066
310 2.0920073028970707
311 2.2664863944493985
312 1.8967814336861109
313 2.1367000541900687
314 2.1192063901096505
315 2.136588331445944
316 1.896026051445906
317 2.0043838891940062
318 2.1088678883824823
319 1.4237458633795395
