0 0.8361817603193287
1 0.8184805681712519
2 1.6772694076407542
3 1.6772694076407542
4 1.7052232840314692
5 0.8288516441969707
6 0.8288516441969707
7 1.1226411012465722
8 1.193100239938111
9 1.5615417611935918
10 0.4136298544445296
11 0.591804209074448
12 0.5006761975307359
13 1.0463738785244217
14 1.0463738785244217
15 0.5590573660311831
16 1.6418371541393544
17 1.6418371541393544
18 0.9090323514015681
19 1.3815449894780119
20 1.1546930785541436
21 1.1546930785541436
22 1.6794017343215608
23 0.34483358636806827
24 0.6362762046909709
25 1.623045421895696
26 0.1
27 0.7864056687659804
28 1.2380672509060568
29 1.0478586555316565
30 0.40254053007750834
31 0.40254053007750834
32 0.9304921064204598
33 0.7031392055286354
34 0.4576494250648596
35 1.0514181818649837
36 0.600088894308493
37 0.7789840398330588
38 1.1898094667046155
39 1.3407289446108088
40 1.0094422800643448
41 1.490236571243024
42 0.16883078046377797
43 0.9968576464152101
44 0.4794509653212019
45 0.8457508324340142
46 0.958089013339503
47 1.0664637181686079
48 1.0664637181686079
49 1.0664637181686079
50 0.7332808351062122
51 0.31634789194728485
52 1.0323581429790605
53 1.0323581429790605
54 1.4295704360982566
55 0.34510820217507554
56 0.34510820217507554
57 1.4634871880210765
58 1.1816360075897478
59 1.5868158331894624
60 1.199568953967252
61 0.1
62 0.5907947866620868
63 0.5952627733075347
64 0.8811390700953186
65 0.4285742182695724
66 1.1035219246303751
67 0.9050453332688038
68 0.5299150089601778
69 0.5299150089601778
70 1.2260350128770923
71 1.6993899810046063
72 1.062269596916692
73 1.3266022190745685
74 1.3364958532243985
75 0.15681842284965608
76 0.631929782541464
77 1.936913051925383
78 0.6077222225509726
79 0.44224271076744637
80 0.44224271076744637
81 0.44224271076744637
82 0.7589577983642573
83 0.3419942242794406
84 0.1
85 0.1
86 0.1
87 1.2715457193061936
88 1.2715457193061936
89 0.8002435449398411
90 0.7914531964655867
91 0.1
92 1.0447597238155149
93 0.8383645129921614
94 0.6638206204624124
95 0.6340446511368704
96 1.3816513513997006
97 0.9158337926912177
98 1.6608111387913027
99 0.7843164041224969
100 0.9403204669113168
101 2.1458741059613127
102 2.1458741059613127
103 0.7698712084104787
104 0.5661132046039823
105 0.5661132046039823
106 1.8571917373745253
107 1.1982673408486755
108 1.061765430960321
109 0.4298808145985513
110 0.8588376853679638
111 0.6489543261833848
112 1.086595563211073
113 0.8998827035216713
114 1.403054047721207
115 1.0002807495500945
116 1.9252753007797827
117 0.7698772363517891
118 0.1
119 0.3244007718866586
120 0.9734043403155468
121 1.0721093073722128
122 0.1
123 0.2839977770527863
124 0.9611474724980182
125 1.5327737594589617
126 0.8052825642673234
127 0.8525239138551018
128 0.8797349821003448
129 0.30985884041133893
130 1.9642556322916505
131 0.7050449789246986
132 0.2587732350549634
133 1.1965214201168595
134 0.5168024763869594
135 1.235901287581211
136 1.235901287581211
137 1.8031955519790763
138 1.5678676177127384
139 1.7185748016845512
140 1.1617559981371406
141 0.9006551992473725
142 1.3926013159550554
143 0.960293231922953
144 1.1838614736719473
145 0.16259287014249302
146 1.2177426102274092
147 1.635794837417441
148 1.1016234001304204
149 0.1
150 1.5260133609527449
151 1.5260133609527449
152 0.7828356099012821
153 1.0280485752140547
154 1.3181547797965587
155 1.2429999103094618
156 1.2429999103094618
157 0.5775740120794586
158 1.2314654194318995
159 1.2314654194318995
160 1.0707512532383086
161 0.7097854412097206
162 0.2522128251314356
163 1.1295501185181944
164 1.1295501185181944
165 1.0974081262664865
166 0.3511634617423469
167 0.49616636749325393
168 0.8022756943300559
169 0.42720115729544506
170 0.987272655772333
171 0.7108583665046135
172 0.3285469578969593
173 0.38700402107770215
174 0.979199495359801
175 0.1
176 0.4609819769536085
177 2.2833033687462283
178 0.9818819094150981
179 0.9818819094150981
180 2.0891671413720156
181 0.5325460653273899
182 0.5325460653273899
183 0.5325460653273899
184 2.145896108349565
185 1.1302973842222779
186 1.7292069146818947
187 0.9811260880890886
188 1.1528696349843763
189 1.7446748427347867
190 1.7446748427347867
191 0.9249865814798846
192 1.3751952846076443
193 0.911395140127012
194 0.4050847084196223
195 0.87959786355158
196 1.3585666744490614
197 0.6905434807714793
198 1.2280655806130572
199 1.2108822405140114
200 1.2108822405140114
201 1.2746628916763174
202 1.3241446910192598
203 0.9650710106187801
204 0.33389817225836227
205 0.9735106336163041
206 0.6316244214351671
207 0.6316244214351671
208 0.6936117475378696
209 0.6936117475378696
210 0.3242191053921989
211 0.8019590161283826
212 0.8777399413086968
213 0.8593776468320341
214 0.8593776468320341
215 0.5444204180359841
216 0.4466841465623298
217 0.6932108213506635
218 0.6932108213506635
219 0.6495786699968248
220 1.6741444391190083
221 0.9917460067130656
222 1.1993320462860424
223 0.32791830278849743
224 0.32791830278849743
225 0.32791830278849743
226 1.8454612156178891
227 0.978668484810324
228 0.9704939909248668
229 0.4596068331275427
230 0.4596068331275427
231 0.7690334962280438
232 1.2172869304581897
233 0.25221708204840276
234 1.4013161956690405
235 1.175149405983764
236 1.6304731261972196
237 1.6304731261972196
238 1.129237245769817
239 0.5966229313010596
240 1.1290039726004597
241 0.18999815503122786
242 0.9319753971019132
243 0.5845235783600461
244 0.5009573685719262
245 0.1
246 0.295014438872114
247 1.2847461778134226
248 1.4396675729626596
249 1.1458621397599138
250 0.4120104676605293
251 0.9331118436043931
252 1.759382753830903
253 1.2104444990185457
254 1.153966930040839
255 1.153966930040839
256 1.153966930040839
257 1.153966930040839
258 1.2051866223321916
259 0.828355182716946
260 0.6293674265332148
261 0.8448137174246207
262 1.128421220978184
263 1.128421220978184
264 0.9923672633660473
265 0.6892818490316596
266 1.4770639880946832
267 1.2499373812177281
268 1.7230033828821254
269 0.4231630155325412
270 0.7875747318496205
271 1.1752390733607063
272 1.7762896596672118
273 1.6732351156536711
274 0.4999427191947554
275 0.42200266772842226
276 0.604059442777343
277 0.7318100317616879
278 1.33279095937377
279 0.5484367546843341
280 0.5484367546843341
281 0.5484367546843341
282 0.27035905654363557
283 1.4525793874102062
284 0.9836740603487799
285 0.9836740603487799
286 0.9836740603487799
287 0.9836740603487799
288 1.2451350657398397
289 0.9008213632066941
290 0.2545649430985011
291 0.8528834727466387
292 0.4901540089440679
293 1.374082693187105
294 1.0309066883653
295 0.1
296 0.5785016454542976
297 1.0690710109623165
298 1.0382258653933336
299 1.2740200009026457
300 1.514451470494809
301 0.14078500565510788
302 0.14078500565510788
303 0.6293875726371982
304 0.8634984812144357
305 0.1
306 1.5834390694226823
307 1.3166755589481562
308 0.4655543502318944
309 0.7727717679116008
310 0.43217333486483833
311 0.7596513459522244
312 1.1004765375739387
313 1.1004765375739387
314 1.2085161520647156
315 1.6837869482123489
316 2.0384106490616682
317 2.0384106490616682
318 0.9079801170563429
319 0.9079801170563429
