0 2.807520298757769
1 0.4089923100873589
2 0.18780194089349123
3 1.067884845870817
4 1.3431969222467524
5 0.684288121515167
6 1.1193870317277224
7 1.2463349090938656
8 0.7738354947914938
9 1.7750488939668505
10 0.806116167799134
11 1.6232154531235632
12 0.7359854598082418
13 0.6685584726272432
14 0.4647177832980167
15 0.10023122625279912
16 0.7302649160435097
17 1.2933395116527133
18 0.9151159972393279
19 1.078088634868417
20 0.32222947687348014
21 1.230619550029648
22 1.394761100310749
23 1.339909121423928
24 0.8139730927001805
25 0.38206922067966376
26 1.3562830844432638
27 1.1965285783079715
28 0.8885083790978504
29 0.9834942909346549
30 1.1464974988783716
31 0.3774876735360422
32 0.9084239581792035
33 1.0630593950338547
34 0.7556040742684835
35 0.9039850122253672
36 0.7370061622494317
37 0.8161216283887072
38 0.9775136091727926
39 0.6500919749225531
40 1.5776484108701032
41 0.1
42 1.2973300421904024
43 0.9693353120267478
44 0.4021648672447402
45 1.026795976431234
46 0.782019099502628
47 0.8948727905119269
48 0.9116915973621301
49 0.6854111298685552
50 1.7422742633357742
51 0.8396174338925046
52 0.43733554552276244
53 1.8438750444444438
54 1.8748441397339546
55 1.5193086678789647
56 1.4941801951288451
57 1.2181172279551984
58 0.8596757477503263
59 0.7064458104548414
60 0.1978482165520139
61 0.9843942304795882
62 1.4129930278805245
63 1.2081108703016015
64 2.012321691186224
65 1.1410932495441288
66 0.6978514786598297
67 0.4292884018054275
68 1.9202742547374057
69 0.7531421329816568
70 1.5528010898951066
71 0.7645617235851179
72 1.6935389735091404
73 1.0669650261707724
74 0.2823191094694332
75 0.7132213605358881
76 0.1
77 0.7148148415677626
78 0.1
79 0.8946785687967969
80 0.859362370501092
81 0.4434484896427422
82 0.5090410436202377
83 0.9307354739181045
84 0.5610825235997237
85 0.6643386459580111
86 0.890025636353047
87 1.068590973929697
88 0.6148040599668151
89 0.5473561838361248
90 0.862061215413886
91 0.6445303774961231
92 0.42605127606111937
93 1.720442388496254
94 1.8285068649597416
95 2.066308122290698
96 1.1544842804476778
97 0.614666765518873
98 1.2885251460625522
99 1.3253434747738373
100 0.989819059665424
101 0.1
102 0.8206738548226363
103 0.38914676652129254
104 0.5119746350270495
105 0.6045839088633931
106 0.1
107 1.3720243907095535
108 0.2108633730279249
109 0.7613368099620541
110 1.1678584124048381
111 0.15635400488980944
112 0.5836319891835382
113 1.1959930633669833
114 1.0584939493356558
115 0.1
116 0.7970710513794417
117 0.23258848729489612
118 0.8351112891164023
119 1.0354493938370903
120 0.9594424298266779
121 1.6033771081529193
122 0.6153190161233271
123 1.6599627561986454
124 0.6945594543033526
125 0.1
126 0.8667191915399508
127 2.2503957349886603
128 1.4305959082545583
129 0.6140936106498047
130 0.588162448131106
131 0.8835333770177445
132 0.5986079006532201
133 1.0937223272071808
134 0.1
135 1.0918772998577093
136 1.1899588284185982
137 0.7108617051192397
138 0.21945992896822863
139 1.122858767056281
140 0.11602146394993584
141 0.6771593104887949
142 0.7508593610198956
143 0.21929742055274276
144 0.5174595471472776
145 0.21300676088943904
146 0.6488552609913261
147 1.0653714349417986
148 1.4329101541387421
149 1.100330961144271
150 0.40226568427009374
151 0.6300565969012345
152 1.0023324354328875
153 0.6882293375732745
154 0.5947085889601322
155 0.9007088894514422
156 1.6572194999019523
157 1.327308167812055
158 0.25642937601144955
159 2.023567222872103
160 1.627088868628891
161 0.9669203863046859
162 0.8739626643972584
163 0.45348800073509615
164 1.3125354081565472
165 1.0800588869494547
166 0.42140196325664603
167 0.5826812344435297
168 0.687429231869414
169 1.8951320664489355
170 1.8161976979480539
171 0.1056226619168198
172 0.6111872046617159
173 0.1335406388034207
174 0.6817167903281542
175 1.3309140992574442
176 0.6764380912910508
177 1.0343120895037219
178 1.4847212897939346
179 0.8505574133967814
180 1.2815085375113315
181 0.8019109429269757
182 1.3746700194313843
183 0.1
184 0.1
185 0.8435934770079192
186 0.3131457681105481
187 0.4686363519730832
188 0.20358183105314248
189 1.4480111076691329
190 1.209467345051045
191 0.1
192 0.18011833877859662
193 0.8196561311896107
194 0.7976461599250813
195 0.3917600571295689
196 0.8246275919427757
197 0.30431700123904143
198 0.3093979048753718
199 0.1
200 0.8871023381394536
201 0.7460658945786731
202 0.16113832566176445
203 1.5855356909784997
204 1.1629405089746165
205 1.41481478345994
206 1.5807662538750573
207 1.126902410987464
208 1.7341618916116577
209 0.9959880172624979
210 1.0063652199310158
211 0.2858777350708289
212 0.4826892932481602
213 1.1603043388185375
214 0.9053652826490678
215 1.1649787597638956
216 0.1
217 0.45425381978743085
218 1.09545762275811
219 1.0484946300077924
220 0.5627662510773389
221 0.8483116156416546
222 1.0388456504530066
223 0.8300251297343753
224 0.5422691249307696
225 0.7693811974295612
226 0.793057670733411
227 1.1785787523530091
228 1.1083308487473567
229 1.3731956257217781
230 2.1779234561341783
231 0.41222014648555627
232 0.6029844093542874
233 0.6028272432149395
234 0.35862651555082015
235 0.8232999480929676
236 0.6686179873204757
237 0.5177100177288545
238 0.8804664269750992
239 0.5713399382381037
240 0.6968476306675107
241 0.5432346358761198
242 0.7882835694900764
243 1.1663749681178281
244 2.0430242827342897
245 1.7995195971611817
246 0.33646231283799244
247 1.164968017545365
248 1.4986149085031832
249 1.2175633360851128
250 1.3977588321943397
251 0.8301171424791736
252 1.7837222419453327
253 1.0695165069620476
254 1.6188791276262915
255 0.5074895300857905
256 0.699503658703909
257 0.6438383786108528
258 1.2477536081375769
259 0.8765635633727729
260 0.8409108280659413
261 0.2212652014662695
262 0.19330836969490983
263 0.7702418751005073
264 0.49157885962779607
265 0.7405650402960726
266 1.5751638017153418
267 0.817094291220434
268 2.8520837724973163
269 2.1450172071953335
270 1.754402329148729
271 2.2920939250496115
272 0.7472557904389303
273 0.1
274 0.20919875343483363
275 0.904773725396225
276 1.064210941722939
277 0.5406077399922904
278 0.6010032062622445
279 1.1317580388841975
280 0.542947220433567
281 1.4351162650499931
282 0.4091484566024005
283 1.2545333404264754
284 1.360404354236698
285 1.5012507210889414
286 0.5968859471676031
287 0.9563111335920893
288 0.6438224750468278
289 1.573567577898106
290 0.879716919548652
291 0.6994804146731637
292 0.10775913189897357
293 0.84702519695641
294 0.6299673903767685
295 0.7187052477618351
296 1.3251285088711973
297 0.6068722624437725
298 0.6325123628703121
299 0.2459014774271706
300 0.41593120657394783
301 0.6106421440604222
302 0.438354638254135
303 0.6660586488667146
304 1.3898035624594385
305 1.5607246164536326
306 0.5832568166572871
307 1.7591284131793539
308 1.3666335447248286
309 0.8748791429783308
310 0.6748673424526063
311 0.839577833304778
312 0.5168178315608986
313 0.1
314 0.4880314183593511
315 0.6722004600484597
316 0.9635389678810469
317 0.3650878495305136
318 0.4984859468115336
319 0.5259158076202425
