0 2.8826371579096084
1 2.8826371579096084
2 3.2559427829174274
3 3.2559427829174274
4 2.622040932499414
5 2.622040932499414
6 2.639645070382323
7 2.639645070382323
8 3.3974267609874964
9 3.3024317262300666
10 3.3024317262300666
11 4.038348883536752
12 4.038348883536752
13 3.6639628173715466
14 3.6639628173715466
15 3.163191456654163
16 3.163191456654163
17 3.766755619549407
18 3.766755619549407
19 2.9820815200497566
20 2.9820815200497566
21 3.3610788610710194
22 3.3610788610710194
23 2.739963518876391
24 3.2384153391059964
25 2.718350614388748
26 2.718350614388748
27 2.430525381891691
28 2.430525381891691
29 3.4542960779880376
30 3.4542960779880376
31 2.7450145953394625
32 2.7450145953394625
33 2.828800395195625
34 3.664743760748923
35 3.0648557450104934
36 3.0648557450104934
37 3.4938044071397356
38 3.4938044071397356
39 3.7086543147881494
40 3.7086543147881494
41 3.410087235571808
42 3.410087235571808
43 3.2678184532189043
44 3.2678184532189043
45 3.485181239981411
46 3.476672978939115
47 3.476672978939115
48 3.813553227551058
49 3.1695492542090995
50 3.1695492542090995
51 2.864351035422905
52 3.4843989171365752
53 3.4843989171365752
54 3.4830702832544636
55 3.4830702832544636
56 3.2493875333511095
57 3.2493875333511095
58 3.2661347523455535
59 3.2661347523455535
60 3.122345193332207
61 3.122345193332207
62 3.5414700912263446
63 3.5414700912263446
64 3.4605960579032278
65 3.4605960579032278
66 3.569274476552756
67 3.569274476552756
68 3.5642088270862993
69 3.5642088270862993
70 3.4797629805832013
71 3.4797629805832013
72 2.240604236041832
73 2.240604236041832
74 3.0735875924381553
75 3.0735875924381553
76 2.7158617937125387
77 2.7158617937125387
78 3.045196372666519
79 3.045196372666519
80 3.3659927900886304
81 3.3659927900886304
82 3.714296691050856
83 3.714296691050856
84 3.257454790434192
85 3.257454790434192
86 3.3846242340435277
87 3.372189938472211
88 3.372189938472211
89 2.6888458326487044
90 2.6888458326487044
91 3.227528537366641
92 3.190954201319562
93 3.190954201319562
94 3.521094681111952
95 3.521094681111952
96 3.3533183598814245
97 3.3533183598814245
98 3.0443743319392236
99 3.0443743319392236
100 3.492621250866986
101 3.492621250866986
102 3.218633513806205
103 3.218633513806205
104 3.333963605464696
105 3.333963605464696
106 3.2431837599095346
107 3.2431837599095346
108 3.6081109590940343
109 3.6081109590940343
110 3.108622600550031
111 3.108622600550031
112 3.587908074875086
113 3.587908074875086
114 3.959215256579535
115 3.959215256579535
116 3.4009912876281527
117 3.4009912876281527
118 3.6696148629707874
119 3.6696148629707874
120 3.5558168811589903
121 3.6479091763091964
122 3.6479091763091964
123 3.6420049559481678
124 3.6420049559481678
125 2.7397921684447173
126 3.7806960657399244
127 3.7806960657399244
128 3.2513936313862466
129 3.2513936313862466
130 3.4651929271964
131 3.4651929271964
132 3.551279236533351
133 3.103315315517127
134 3.103315315517127
135 3.4442829889116675
136 3.4442829889116675
137 3.087350343914661
138 3.087350343914661
139 2.627716746707387
140 2.627716746707387
141 2.9184635405920973
142 3.530515955952385
143 3.530515955952385
144 3.0950571929831114
145 3.0950571929831114
146 3.8117001916141477
147 3.8117001916141477
148 3.1683439711001533
149 3.1683439711001533
150 3.4831135158306985
151 3.4831135158306985
152 2.62930609606492
153 2.62930609606492
154 3.54476707264807
155 3.54476707264807
156 2.955458725237931
157 2.955458725237931
158 3.4751514624711786
159 3.4751514624711786
160 2.5126400204169665
161 2.5126400204169665
162 3.51470651282034
163 3.51470651282034
164 2.820195358321752
165 2.820195358321752
166 3.436924460647911
167 3.436924460647911
168 4.462142925186644
169 4.462142925186644
170 3.4997408520581343
171 3.4997408520581343
172 3.877698720256692
173 3.757637442391323
174 3.757637442391323
175 3.2496999389270176
176 3.2496999389270176
177 3.5350492231189063
178 3.0152515815266097
179 3.358904417268305
180 3.358904417268305
181 3.5170017709755346
182 3.6703374151845294
183 3.6703374151845294
184 4.162999661488908
185 4.162999661488908
186 3.4605155172156916
187 3.4605155172156916
188 2.920510990155709
189 2.920510990155709
190 3.442327402663878
191 3.442327402663878
192 3.185990006736089
193 3.719552883798094
194 3.149588076324327
195 3.149588076324327
196 3.4775581773858497
197 3.4775581773858497
198 3.2584592053642343
199 3.2584592053642343
200 3.9373465982979816
201 3.9373465982979816
202 3.8740648629704384
203 3.8740648629704384
204 2.985847956123626
205 2.985847956123626
206 3.031451636713195
207 3.031451636713195
208 3.427279998798369
209 3.427279998798369
210 3.279297552230717
211 3.279297552230717
212 3.347131076500264
213 3.347131076500264
214 3.6654393869270296
215 3.6654393869270296
216 2.919202452064869
217 2.919202452064869
218 3.656703027269152
219 3.656703027269152
220 3.9069028860736204
221 3.9069028860736204
222 3.423059629038621
223 3.423059629038621
224 2.700535964499906
225 2.700535964499906
226 2.979533123454957
227 2.979533123454957
228 3.1028400683968913
229 3.1028400683968913
230 3.2721809437688174
231 3.2721809437688174
232 2.8078651837841133
233 2.8078651837841133
234 3.34289188207968
235 3.34289188207968
236 3.324835457813695
237 3.324835457813695
238 3.4202733497050555
239 2.8631817096618346
240 2.8631817096618346
241 3.07049534984683
242 2.7588010159767276
243 2.7588010159767276
244 3.467247154711163
245 3.026896825946447
246 3.026896825946447
247 3.649509842803688
248 3.208095374733231
249 3.208095374733231
250 3.6489297489460153
251 3.6489297489460153
252 3.343457926555363
253 3.343457926555363
254 3.246374856953365
255 3.246374856953365
256 3.2973643896656144
257 3.2973643896656144
258 2.632042034364797
259 2.632042034364797
260 3.035737624283201
261 3.035737624283201
262 3.5879080229518627
263 3.163926172494665
264 3.163926172494665
265 3.081130526344088
266 3.4930196927572186
267 2.4100974955540364
268 2.4100974955540364
269 2.5875131900202892
270 2.5875131900202892
271 2.831284896797715
272 2.831284896797715
273 3.191466921352749
274 3.191466921352749
275 3.3105603538548687
276 3.3105603538548687
277 3.5864093374368435
278 3.5864093374368435
279 2.834810091427021
280 2.834810091427021
281 3.578492453301422
282 3.578492453301422
283 3.727935378303937
284 3.727935378303937
285 3.668478936937994
286 3.668478936937994
287 3.5604855101981205
288 3.5604855101981205
289 2.9289320245306847
290 3.3021310776956447
291 3.3021310776956447
292 3.4515860454059384
293 3.2223638245116715
294 3.2223638245116715
295 3.085546093176427
296 3.085546093176427
297 3.627189637882097
298 3.627189637882097
299 3.2880652686728413
300 3.2880652686728413
301 3.4551599636247263
302 3.4551599636247263
303 3.1061358196529403
304 3.1061358196529403
305 3.355367878065192
306 3.355367878065192
307 3.044316026435519
308 3.044316026435519
309 3.1945985456625503
310 3.1945985456625503
311 3.4872649826218822
312 3.2225895975587138
313 3.2225895975587138
314 3.9635872688586327
315 3.9635872688586327
316 3.4437494763796113
317 3.4437494763796113
318 3.9741307669378827
319 3.9741307669378827
