0 0.8821236521263516
1 0.9424454831543858
2 1.7817301097856233
3 1.513204429362073
4 0.8546723905829754
5 0.7046774385498642
6 1.3046145658641164
7 1.5657146320988442
8 1.2347404279705096
9 0.9729205620298322
10 0.5326064612152734
11 2.2239500438899764
12 3.508977619171888
13 3.15428440644454
14 2.667126699721409
15 2.352931386291311
16 4.9702486352028865
17 2.2767438274935636
18 2.7877515680216347
19 1.6177667541339682
20 1.1563475879383407
21 1.403746875885328
22 1.6499296897106486
23 1.4238545672800935
24 0.39555220471277985
25 1.147422374641468
26 1.0499632090705224
27 3.033381511607172
28 3.2362064887469932
29 0.6721640964665203
30 0.750762534624797
31 1.7007484960839157
32 3.503383149490993
33 2.298285057458458
34 2.065183622933915
35 3.449527320510783
36 1.2794074775939006
37 3.542495173188539
38 6.739872140182964
39 4.03793010953077
40 2.3600973015327877
41 3.6535465258213926
42 4.752305858810709
43 2.2399924458071565
44 4.963029973746255
45 7.873456908185746
46 5.210455251098343
47 3.202977172817528
48 3.0318952169963795
49 2.1418608296883312
50 4.117853922922782
51 3.977655193646746
52 6.973870436425287
53 3.2371591614076367
54 2.2151634463852012
55 4.4359696525207974
56 0.7751322976703143
57 3.0839372632603106
58 0.6859717502022813
59 0.8024272076183798
60 0.7058705098622263
61 1.2777812574636211
62 0.4514037680290758
63 0.7216079778467981
64 1.052923137468657
65 0.7351983195099359
66 2.6391954217128304
67 2.7352314307392858
68 2.5167503185948457
69 3.8869360042459005
70 5.43250696208392
71 1.295917206789099
72 0.1
73 3.3104690867705773
74 3.4762629761515673
75 5.262113408799523
76 3.431152633118275
77 2.774384355858261
78 0.58806600551302
79 0.7830242179857825
80 0.9129797866349292
81 1.979184396813802
82 0.4993548770011015
83 0.43233519999208925
84 1.4110826064205102
85 1.8620839263488123
86 0.5300382915113274
87 1.9085230972945033
88 0.8508046492017873
89 1.2625037823214675
90 0.8595202789868492
91 2.399773520724363
92 2.6150034378118976
93 1.4374219629550362
94 1.698348848053103
95 0.2925787544146944
96 1.3910979654650304
97 0.949628620066715
98 0.9904200926196739
99 0.2529265400044012
100 1.325897928062717
101 0.8777733901588937
102 1.7265175575915586
103 1.517029922776706
104 0.1
105 0.46559675100578446
106 1.7279823629719682
107 1.5773439723090088
108 0.6734230432033498
109 1.7508273384308155
110 1.7187149481170403
111 0.7871325356495864
112 0.7455082175004724
113 1.6079939076452074
114 0.7299978476917992
115 1.106081328762139
116 1.043559271035337
117 1.4355741200726004
118 0.6049179239169885
119 1.4599369226388028
120 5.295367315708546
121 1.0156794855920617
122 2.603343549844012
123 5.2558999849383365
124 1.0651071821018978
125 1.7232990810733464
126 3.242082706130722
127 3.8104364663976242
128 6.7848093782332395
129 3.3789429431240046
130 1.5942091090656185
131 3.949987031087988
132 2.4553936355333645
133 3.634056342170472
134 2.410977393222909
135 5.570492303433368
136 3.7602295296592034
137 3.389302654426681
138 5.995797837399058
139 4.879073690796625
140 4.54000629488859
141 2.2145682506641973
142 7.3817500236895945
143 7.107824906091643
144 4.355570154039863
145 4.014749799529652
146 5.3562557831295035
147 6.240066019739114
148 7.736088792752884
149 0.1
150 0.6142083723805494
151 1.6081507837473492
152 2.4695505092225103
153 1.6623526429809712
154 1.0987326917756632
155 0.3565535655118647
156 1.5374704305425597
157 2.1017761583817514
158 0.9427080092698911
159 1.0938784951720624
160 1.6078251083360855
161 1.3823189702637868
162 1.811202962411321
163 1.5466553165170749
164 2.685389121125434
165 0.5869691805712698
166 1.2788715009719738
167 1.931280307173354
168 1.7032950556640327
169 2.9189737768107147
170 4.149184135283834
171 3.5051489961679803
172 5.571066837290903
173 1.6555571763143155
174 0.8928686708377831
175 1.3466066280060935
176 1.0672925006331357
177 2.2148553757408735
178 1.9032853674574919
179 2.350037541853635
180 3.5734574407916133
181 3.2657529794672207
182 1.9281893201563258
183 3.687211406958215
184 1.5156210972813349
185 0.1
186 1.9919015282479908
187 3.899014045209235
188 1.4599769907671236
189 2.588249800836664
190 1.4511181239222475
191 0.1
192 0.8888916457191043
193 2.8126412426647045
194 1.9004918636480552
195 3.9386934528246513
196 1.4846914124686506
197 0.15127633041797495
198 3.8084505991787143
199 2.7150709234560506
200 2.6991402417909924
201 1.4287945014456802
202 3.2214606039258555
203 6.053177283391985
204 4.577933567626062
205 1.8156321079324715
206 0.5224312420087629
207 3.122353748706129
208 1.4122388233168233
209 3.014348815486725
210 1.3328842220870087
211 4.002531884919197
212 3.7798109853807915
213 2.745586500109982
214 1.6763300604545754
215 2.3115785060505116
216 1.9233768881604627
217 2.894824297036207
218 0.6260585291465479
219 3.906558025840188
220 1.113864253462687
221 1.3257967879168768
222 1.5944022605877877
223 0.5530666241876545
224 1.4476213583169713
225 1.0008407542699724
226 1.4229935964411156
227 0.9019485588654903
228 4.46032308179863
229 2.6547967219957664
230 1.8670109824729944
231 2.101457929865616
232 2.8348403652326604
233 1.2333098858100424
234 0.8197169962576054
235 3.5716026281772204
236 2.634167529158359
237 1.8211196830682446
238 0.8195216904103608
239 3.66283091988672
240 5.712262540998202
241 1.0897310265924807
242 5.184044583828771
243 4.481347940727869
244 3.8598867684015374
245 2.232465935394803
246 1.2639481528688212
247 0.7072516767414405
248 1.1115707937034545
249 1.3683240759547428
250 0.3624118534705251
251 0.5827804107444882
252 0.35115028517209496
253 1.0360048922590168
254 0.7160935978709182
255 1.9499802119885485
256 1.5820200768511021
257 2.371824086786435
258 1.4093313874623188
259 2.139485397507236
260 2.0396490091841377
261 0.4713669718617869
262 1.5380309012490718
263 1.0769026672923983
264 1.2605248187003029
265 1.78512194879977
266 1.6979738339126083
267 1.9021951158135844
268 0.18387648819061497
269 0.6722630078972255
270 0.6942151391396995
271 1.6595160831974982
272 0.1
273 1.8749229665328664
274 1.0410145128651507
275 2.1166117738952885
276 2.1117168263923407
277 0.7979301034439907
278 2.466528943961185
279 2.056065711642721
280 0.9928626072546836
281 1.2833738171941922
282 1.361297085090849
283 1.3167610029477155
284 1.4963645016951537
285 0.3789395525301277
286 0.6195382478830591
287 1.0358224379850616
288 0.7196838863602932
289 1.5962099040470021
290 2.9728265628333443
291 0.4124060275582926
292 3.659095730569749
293 2.3985829240868206
294 2.877334131253453
295 2.2562111947498997
296 4.930527621450949
297 3.8136902403586603
298 4.755809852555402
299 3.9097837988282618
300 1.9014154424854222
301 1.5401797567682376
302 4.370685240577302
303 3.149067185341517
304 1.67530505957288
305 5.751191698527922
306 5.620164175121584
307 3.963761715592045
308 5.437536330847632
309 3.962388224077578
310 1.3181915098673966
311 3.1946824310073128
312 1.7956282657751352
313 0.1
314 4.335486889238223
315 4.631500189468641
316 1.7961911179043653
317 2.043597269753842
318 1.7332434799850769
319 1.3755377938520148
