0 0.20044595972106127
1 0.20044595972106127
2 0.20044595972106127
3 0.20044595972106127
4 0.16707292891941072
5 0.16707292891941072
6 0.16707292891941072
7 0.16707292891941072
8 0.1142969119809436
9 0.6679683287863429
10 0.6679683287863429
11 0.6679683287863429
12 0.6679683287863429
13 0.1
14 0.1
15 0.1
16 0.36291784633555163
17 0.36291784633555163
18 0.36291784633555163
19 0.36291784633555163
20 0.2063018195073243
21 0.2063018195073243
22 0.2063018195073243
23 0.31756734338896103
24 0.6506801423418609
25 0.6506801423418609
26 0.6506801423418609
27 0.6968175518118311
28 0.6968175518118311
29 0.6968175518118311
30 0.6968175518118311
31 0.3426135027797227
32 0.3426135027797227
33 0.3426135027797227
34 0.3426135027797227
35 0.7271100991214089
36 0.7271100991214089
37 0.7271100991214089
38 0.7271100991214089
39 0.4276900489096713
40 0.4276900489096713
41 0.4287879801160305
42 0.4287879801160305
43 0.4287879801160305
44 0.4287879801160305
45 0.3515087393706806
46 0.3515087393706806
47 0.3515087393706806
48 0.3515087393706806
49 0.4477107880467952
50 0.4477107880467952
51 0.3141949448375383
52 0.3141949448375383
53 0.3141949448375383
54 0.3141949448375383
55 0.254082612454945
56 0.1
57 0.1
58 0.1
59 0.6151325023872061
60 0.6151325023872061
61 0.6151325023872061
62 0.7082003465277191
63 0.7082003465277191
64 0.6445854379756781
65 0.6445854379756781
66 0.6445854379756781
67 0.6445854379756781
68 0.21740142641693547
69 0.21740142641693547
70 0.3601697143320978
71 0.11753791984418471
72 0.430348104847634
73 0.430348104847634
74 0.32548440597268524
75 0.32548440597268524
76 0.32548440597268524
77 0.3380792343486527
78 0.3380792343486527
79 0.3380792343486527
80 0.4498585064476711
81 0.2632769845183027
82 0.2632769845183027
83 0.2632769845183027
84 0.2632769845183027
85 0.4314230253709485
86 0.4314230253709485
87 0.4314230253709485
88 0.4314230253709485
89 0.583203226906096
90 0.583203226906096
91 0.583203226906096
92 0.6018536735399548
93 0.6018536735399548
94 0.6018536735399548
95 0.6018536735399548
96 0.3316462374413823
97 0.3316462374413823
98 0.9991072547306139
99 0.32987726495732483
100 0.32987726495732483
101 0.32987726495732483
102 0.32987726495732483
103 0.49105466420557653
104 0.49105466420557653
105 0.1580170917335728
106 0.1580170917335728
107 0.1580170917335728
108 0.404084952985377
109 0.404084952985377
110 0.404084952985377
111 0.404084952985377
112 0.19501472487874902
113 0.19501472487874902
114 0.19501472487874902
115 0.18860751831243228
116 0.18860751831243228
117 0.18860751831243228
118 0.18860751831243228
119 0.8741294187611561
120 0.8741294187611561
121 0.8741294187611561
122 0.6933392951899797
123 0.6933392951899797
124 0.6933392951899797
125 0.3185513450923023
126 0.3185513450923023
127 0.3185513450923023
128 0.3185513450923023
129 0.1378230070350719
130 0.1378230070350719
131 0.7739421553110225
132 0.7739421553110225
133 0.7739421553110225
134 0.6774950499399754
135 0.6774950499399754
136 0.6774950499399754
137 0.6774950499399754
138 0.2722954342053946
139 0.2722954342053946
140 0.2722954342053946
141 0.25861685670530504
142 0.25861685670530504
143 0.25861685670530504
144 0.49318534843425965
145 0.49318534843425965
146 0.49318534843425965
147 0.49318534843425965
148 0.2519322200181506
149 0.1
150 0.1
151 0.1
152 0.3089262560934924
153 0.3089262560934924
154 0.3089262560934924
155 0.5309274775034301
156 0.4803110337899481
157 0.4803110337899481
158 0.4803110337899481
159 0.4803110337899481
160 0.3859072262328951
161 0.3859072262328951
162 0.3859072262328951
163 0.3859072262328951
164 0.5345590109762153
165 0.31382431678211864
166 0.31382431678211864
167 0.31382431678211864
168 0.31382431678211864
169 0.12801657966279995
170 0.12801657966279995
171 0.12801657966279995
172 0.12801657966279995
173 0.5357417550108698
174 0.5357417550108698
175 0.5357417550108698
176 0.5357417550108698
177 0.23995755358944929
178 0.23995755358944929
179 0.23995755358944929
180 0.23995755358944929
181 0.23988712201595516
182 0.23988712201595516
183 0.23988712201595516
184 0.23988712201595516
185 0.5798073359689895
186 0.5798073359689895
187 0.5798073359689895
188 0.5798073359689895
189 0.39828996509876774
190 0.5864633712079296
191 0.5864633712079296
192 0.5864633712079296
193 0.5864633712079296
194 0.24718828529999692
195 0.24718828529999692
196 0.24718828529999692
197 0.24718828529999692
198 0.21858713621736806
199 0.5144877277097538
200 0.18278563394898928
201 0.5691590091728181
202 0.5691590091728181
203 0.5691590091728181
204 0.5300357560461642
205 0.5300357560461642
206 0.5300357560461642
207 0.5300357560461642
208 0.2522227034922973
209 0.5432950591467921
210 0.2235298110179325
211 0.2235298110179325
212 0.2235298110179325
213 0.2235298110179325
214 0.39449204437485175
215 0.39449204437485175
216 0.39449204437485175
217 0.39449204437485175
218 0.40137624644993064
219 0.40137624644993064
220 0.40137624644993064
221 0.2799816372287402
222 0.2799816372287402
223 0.2799816372287402
224 0.2799816372287402
225 0.1
226 0.1
227 0.1
228 0.1
229 0.44610267519573943
230 0.44610267519573943
231 0.6087878712470356
232 0.6087878712470356
233 0.5039014070172083
234 0.5039014070172083
235 0.623382617974396
236 0.19261484716991767
237 0.19261484716991767
238 0.19261484716991767
239 0.19261484716991767
240 0.3900486925902474
241 0.3900486925902474
242 0.3900486925902474
243 0.3900486925902474
244 0.5915571951261845
245 0.5915571951261845
246 0.1458040531249847
247 0.1458040531249847
248 0.1458040531249847
249 0.5692731028832478
250 0.5692731028832478
251 0.5692731028832478
252 0.5692731028832478
253 0.2923947177877917
254 0.2923947177877917
255 0.2923947177877917
256 0.2923947177877917
257 0.7290316588090042
258 0.7290316588090042
259 0.1
260 0.1
261 0.8252792111317312
262 0.5906536385425327
263 0.25013412048338174
264 0.41652147777183957
265 0.41652147777183957
266 0.41652147777183957
267 0.41652147777183957
268 0.1
269 0.1
270 0.1
271 0.42393639451966303
272 0.42393639451966303
273 0.3186324950139112
274 0.3186324950139112
275 0.3186324950139112
276 0.3186324950139112
277 0.610309239816729
278 0.610309239816729
279 0.610309239816729
280 0.610309239816729
281 0.14705168204669355
282 0.14705168204669355
283 0.14705168204669355
284 0.24459961054219947
285 0.24459961054219947
286 0.24459961054219947
287 0.24459961054219947
288 0.48402002788615783
289 0.48402002788615783
290 0.48402002788615783
291 0.5679602387331755
292 0.5679602387331755
293 0.5679602387331755
294 0.5679602387331755
295 0.5965915930339077
296 0.5965915930339077
297 0.5965915930339077
298 0.5965915930339077
299 0.4828305607623202
300 0.283114459349218
301 0.283114459349218
302 0.283114459349218
303 0.283114459349218
304 0.5672357746178478
305 0.5672357746178478
306 0.5672357746178478
307 0.31648594342605585
308 0.31648594342605585
309 0.31648594342605585
310 0.31648594342605585
311 0.7030463326114526
312 0.18196257872567753
313 0.18196257872567753
314 0.18196257872567753
315 0.18196257872567753
316 0.4603508120222491
317 0.4603508120222491
318 0.4603508120222491
319 0.4603508120222491
