0 0.4342730951021043
1 0.8657128108319365
2 1.8200849811113575
3 0.7718430596876542
4 0.9976702573850554
5 0.9976702573850554
6 1.1051476210423898
7 1.1051476210423898
8 1.1051476210423898
9 0.952337339338996
10 1.4851957021200621
11 0.45709688075540966
12 1.108805537271533
13 0.803022666309593
14 2.347239186118588
15 0.8204075887598098
16 2.16726496596734
17 3.2237929271987005
18 2.077232476050879
19 2.077232476050879
20 3.6467149177180307
21 1.373624378550443
22 0.367284326703036
23 1.7330984168148742
24 1.4035900756044524
25 1.7579386845583098
26 0.8919144573118231
27 0.40126409152472453
28 0.5886325848995838
29 0.9820811289231568
30 0.9225209752799972
31 1.893336348936453
32 1.6561073361548182
33 1.5497476922636624
34 1.4173771241548638
35 0.5901803636198308
36 1.495052456743155
37 1.495052456743155
38 1.495052456743155
39 1.0030489053953842
40 0.42355827163427906
41 0.19187703471167483
42 0.19187703471167483
43 1.2911690256476884
44 1.2911690256476884
45 1.2911690256476884
46 1.2791704267696369
47 1.1009631772975395
48 2.304008491458016
49 2.304008491458016
50 0.1
51 0.6143527605500543
52 0.1
53 0.7022814226111117
54 1.2596544777162224
55 1.5995991774771317
56 0.1688838244227001
57 1.7050504058048717
58 2.0435394375474427
59 1.524722504677941
60 1.0811420204499853
61 0.8289170382467136
62 3.3495676493368918
63 0.4662741946073408
64 0.4149862773280425
65 1.770159781021931
66 0.6029050451582221
67 0.7623023423028417
68 0.7623023423028417
69 1.17735930167352
70 1.5482533695049434
71 1.2997872308081353
72 1.2997872308081353
73 0.46970412843580495
74 2.3401156110642445
75 2.3401156110642445
76 0.4757037598852313
77 1.2666181752106271
78 0.5105631810858048
79 1.7370929124526047
80 0.4448967683835977
81 0.9747807713284015
82 0.8734818471219717
83 0.9269753948974909
84 1.453482900436328
85 1.453482900436328
86 1.1348421822951245
87 0.9117195630554383
88 0.9117195630554383
89 0.9117195630554383
90 2.854152913722422
91 0.32104547443786935
92 0.41807460626168924
93 0.6148503339134015
94 1.5069226973451697
95 0.4162198978607868
96 1.3970204797073795
97 1.3970204797073795
98 0.6456409119097243
99 0.6456409119097243
100 0.39860856252761523
101 1.2612971513801974
102 0.6088007153776502
103 0.23847704704626294
104 1.9894106900340747
105 0.5695240461303136
106 1.3335176461927354
107 1.3335176461927354
108 1.6195995762853828
109 1.6319051223181933
110 1.0708807707854433
111 1.0708807707854433
112 0.4000165455651875
113 1.6558878761536329
114 0.915837487182401
115 0.915837487182401
116 2.353628686028312
117 1.674862175352595
118 1.674862175352595
119 1.5539109523542833
120 1.4250194812290473
121 1.1217887028340048
122 1.578019760174319
123 0.6829284148878747
124 0.6829284148878747
125 0.6829284148878747
126 0.6829284148878747
127 0.8778536050913939
128 2.5663649663580506
129 1.318669485984017
130 0.47969662868221397
131 1.3643529227094027
132 1.0982523275443126
133 1.8039330758216614
134 1.1105027804535887
135 1.157346240247807
136 1.6094647146422214
137 2.0622703239786953
138 0.46366975515139597
139 0.8629295399934991
140 0.876028627063796
141 0.5256914135985216
142 1.1098252286368282
143 1.1098252286368282
144 1.9213155039810603
145 1.9213155039810603
146 0.22928168137394278
147 0.9731544084812372
148 0.1
149 1.5706660549066966
150 0.9341736458534362
151 1.7810028993499547
152 1.6018097256389583
153 1.2154322700023292
154 1.78791554828348
155 0.7395627039809853
156 1.5716344937351674
157 1.3809830006893171
158 1.8637090825158302
159 1.8637090825158302
160 2.0630544787824148
161 0.9889815698952802
162 1.1577194318986295
163 2.2573119541120588
164 0.5932882992295315
165 1.3270191339078996
166 0.6791347679528759
167 1.1070053783522915
168 0.44863614596351664
169 1.2127213679523234
170 1.6397662180240251
171 1.2208888990988758
172 1.5722911697011144
173 2.163158169158615
174 0.5077409912240811
175 0.604006528270838
176 0.3914105324748347
177 0.8876462001244653
178 1.9596933192785309
179 1.5225972133975667
180 0.50315740963454
181 0.6369888529834655
182 0.42964324849527014
183 1.757339045108255
184 1.6986213616233556
185 1.7846424694182348
186 1.7846424694182348
187 1.6757481540913184
188 2.091132260460818
189 1.318432195455666
190 1.318432195455666
191 0.1
192 0.1
193 0.6999646894039367
194 0.11248539062076401
195 2.055125963623204
196 1.713921936247362
197 0.4752223565114308
198 1.4205999529964912
199 0.336759347093172
200 1.0602030519565078
201 1.0602030519565078
202 2.5596045897892834
203 0.9521714405406358
204 1.3080420144598643
205 1.3080420144598643
206 1.3080420144598643
207 2.0608578784744456
208 1.2984459156744939
209 1.5099533275574475
210 2.777343141532304
211 1.032813272964404
212 1.032813272964404
213 1.032813272964404
214 0.979556634356503
215 2.425472452393164
216 2.425472452393164
217 2.425472452393164
218 2.3200185026407154
219 2.3200185026407154
220 1.0631156300391462
221 1.5025419700742155
222 3.440040717418412
223 1.6306736098286398
224 1.5746983876633571
225 0.5979724446393794
226 1.1473819058120767
227 1.1578554162678465
228 1.9557611709496068
229 1.7307350519476674
230 1.7307350519476674
231 0.8499541068758981
232 0.8499541068758981
233 0.980200299409794
234 0.49264221634494043
235 0.7231259319706917
236 0.49153301148072015
237 0.49153301148072015
238 0.5186822354544904
239 0.7549543832530471
240 1.1017827193355274
241 1.3696741746296424
242 2.3013114031093758
243 0.7778551537898621
244 0.7778551537898621
245 0.7778551537898621
246 0.9089765278356225
247 1.1219336296191402
248 1.2907505465915547
249 0.33581633366614366
250 0.4318997307425735
251 2.0657547822638347
252 2.0657547822638347
253 2.0657547822638347
254 2.0657547822638347
255 0.6949030637320468
256 2.469528924946642
257 1.446426460814238
258 0.1
259 0.5926161016720799
260 1.2206122344557215
261 1.486390457649704
262 1.4886123555190873
263 0.7679887998156139
264 0.3956272603810819
265 0.9542076814977727
266 0.7056093075597328
267 1.5885310008877491
268 1.5885310008877491
269 1.795119711743236
270 2.0661457602669646
271 0.7425719075387114
272 0.5531877137993937
273 0.5531877137993937
274 1.3784621322330946
275 0.48941896155214426
276 0.48941896155214426
277 1.571328934880894
278 1.571328934880894
279 1.907711753772599
280 1.5961677696045786
281 0.5734766463147336
282 1.427627612458071
283 1.038151979378872
284 1.877965530619609
285 0.5305008178931196
286 1.6207618172469807
287 0.9242051148446173
288 0.753314065969975
289 1.7369400098370271
290 1.7369400098370271
291 1.0453886237474108
292 1.580387063410154
293 0.6983081377741555
294 0.6983081377741555
295 0.771607871563857
296 1.1444347500314953
297 0.7580565991002646
298 1.0959468450255392
299 0.3135983387212741
300 0.3135983387212741
301 0.36166394645159383
302 0.756163257274295
303 0.756163257274295
304 0.6522640345419857
305 1.5086438279048096
306 1.196912111318637
307 0.78918669174624
308 1.7126218992317859
309 1.6092202864120333
310 0.5716926180086881
311 0.17800868741477283
312 0.17800868741477283
313 2.2999015815007446
314 1.2399386685845686
315 0.9017045683202706
316 0.9695341846682543
317 0.8686465740307023
318 1.5900981253342061
319 1.0124293948310625
