0 0.5013446066698268
1 0.7988502547937135
2 1.3234270963092345
3 0.6268263213630657
4 0.4125307531555286
5 0.6117101512815034
6 0.39455649701116685
7 0.7817329474493451
8 0.6131022549482417
9 0.9886770470394651
10 0.5360265444668821
11 0.1
12 0.1
13 0.31803583282777903
14 1.0003954736158742
15 0.5599648087636844
16 0.49720338696437694
17 0.7760266167172364
18 0.684516868487439
19 0.6781161028358206
20 0.7081625632735614
21 0.8234372016171454
22 1.0625960459401975
23 0.43084507108815934
24 0.3226511892504542
25 0.7989142487320979
26 0.3785649799758475
27 0.6186600616127081
28 0.5958815792418757
29 0.22219025344354876
30 0.4392713668934089
31 0.37352119895483177
32 0.8521630153998296
33 0.4995221917285071
34 0.12624441359393873
35 0.43082881623823766
36 0.1850877135619804
37 0.23068327585558548
38 0.6168899287008888
39 0.4137245765596086
40 0.2718000339542902
41 0.4437614342380556
42 0.2541632180408576
43 0.49556264576493536
44 0.4937784728146061
45 0.6805381073599891
46 0.7538945664065169
47 1.2813321921714458
48 0.32246684557047306
49 0.6849026742030528
50 0.8565509150127886
51 1.235390726573047
52 0.8963345020379944
53 0.44012386983677454
54 1.1563045552899913
55 0.8266176036776502
56 0.268991464612003
57 0.6292289296070624
58 1.3117290400429513
59 0.7599868396790395
60 0.841783172503691
61 0.3607472720272922
62 0.8072433835740546
63 0.2921392779359004
64 0.34804994345246165
65 0.7013099503479409
66 0.5203848001723352
67 1.0344503286243376
68 0.6214857937919693
69 0.5925889925911113
70 0.35410330777107374
71 0.1313969704904447
72 0.6325293164972353
73 1.0650120924154811
74 0.27019567228315033
75 0.8145667477772462
76 0.7912521070734999
77 0.142156333700024
78 0.7856344052898778
79 0.8203042257003181
80 1.021517591021187
81 0.7155742445687832
82 0.6115481744612709
83 0.4834565267240104
84 0.18186902492738577
85 0.2916444259560216
86 0.5700789646463679
87 0.571000386195484
88 0.5155362988274325
89 0.49448067294555864
90 0.3109744156351505
91 0.26286058726170985
92 0.35844977185041516
93 0.10319076525102544
94 0.2281107664884532
95 0.3931506841964222
96 0.20117268869056165
97 0.4285001341468693
98 0.15124099399585034
99 0.43874221883574416
100 0.3070626309424458
101 0.23421344348253031
102 0.5313936305439644
103 0.971264749297065
104 0.3318993253818937
105 0.39174493683866163
106 0.6635515452481012
107 0.9106229488781604
108 1.0635611375409428
109 0.7639350141631978
110 0.8373050300523284
111 0.6780078833712214
112 0.6448467924709378
113 0.37160843603655613
114 0.14011891194269693
115 0.7056837588065518
116 0.6269611882118635
117 0.8257476627239244
118 0.15677455496421294
119 1.0034224435813706
120 0.6233697516704654
121 0.5893644266249796
122 0.575677472999667
123 0.2588958618558552
124 0.4329954588550416
125 0.8842171119452722
126 0.7420171799163708
127 0.3360841207653929
128 0.4720620072855415
129 0.8528566690062169
130 0.5348207003113861
131 0.7585127672719545
132 1.4952466656236054
133 1.2470192101203148
134 0.389990318030085
135 0.8456781000574672
136 0.728170389758453
137 1.4713436818182632
138 0.4950077677411162
139 0.6732723467020367
140 0.6888085138523259
141 0.31296199529639057
142 1.1919818835925198
143 0.9954712489218623
144 0.5469440832373595
145 0.4243146180993366
146 0.8909559928378489
147 0.1
148 1.0392576156604305
149 0.43694085897903173
150 0.8826261341797054
151 0.8381483874375667
152 0.5534637871626324
153 0.1997182566378174
154 0.1
155 0.1
156 0.8806537137343317
157 0.16822423991269092
158 0.39303746221734964
159 0.6567836048155673
160 0.2114945246057749
161 0.2525987243133391
162 1.0356789111840135
163 1.2065581144600286
164 0.711757523422855
165 1.038884034965083
166 0.40069206414009884
167 0.691643845027801
168 0.1
169 0.833684508661013
170 0.7017722613348619
171 0.8517460299704267
172 0.6575960138964431
173 0.6389490120486071
174 0.3537297947905818
175 0.8658509895879616
176 0.5208948610084096
177 0.3477100170345114
178 0.6566811675321164
179 0.36475953555520535
180 0.8246430410035137
181 0.17088776537678824
182 0.6475964554116063
183 0.4596686887257234
184 0.9339456895297559
185 0.9066173594245168
186 0.9125433736527918
187 0.2849942560907258
188 0.4815257652234225
189 0.1
190 1.152041415484708
191 0.5936537405014559
192 0.5669041529212215
193 0.29908975100830204
194 1.2089613988996097
195 0.7267178047627478
196 0.5748345818045811
197 0.2013104135942323
198 0.4292953221353547
199 0.10623660862956447
200 0.6993728332084006
201 0.8385167161535307
202 0.8186474976522893
203 0.7786383357733169
204 0.31945805636584146
205 0.4480076921529337
206 0.38657154767976876
207 0.47135229042029064
208 0.772511503998263
209 0.1550916983952999
210 0.5911505151635217
211 0.4524855352761624
212 0.3410625618116082
213 0.8008846027159644
214 0.5578857793769691
215 0.22854458178642928
216 1.004092322436951
217 0.8555420391839772
218 0.5768336538275832
219 0.5016372181772406
220 0.7391821337868623
221 0.48388774720760785
222 0.6914898480292346
223 0.1
224 0.9941783642328721
225 0.8242910814679868
226 0.7567907370911489
227 0.5618183549414997
228 0.6477884561591369
229 0.1531970641969752
230 0.8852457656333496
231 0.8451561212468671
232 0.34391875458444887
233 0.1569715367174675
234 0.5676286103433784
235 0.591388853296389
236 0.5111803679157396
237 0.1
238 0.4563290787483717
239 0.589848784596263
240 0.4411272859561227
241 0.5755487443903324
242 0.3780998194582674
243 0.12719537966374916
244 0.24737535201075145
245 1.153605560814603
246 0.5411201698596508
247 0.55690675450115
248 0.45684279563602703
249 0.2935803757787723
250 0.7603913458075453
251 0.5360218319461559
252 0.3668385676396349
253 0.3994478466884518
254 0.9883650529022923
255 0.5670997637418326
256 0.1
257 0.53359613604473
258 0.38091540792244405
259 0.3755519224568192
260 0.5890285706827858
261 0.3999094686071688
262 0.1223126209655841
263 0.20728724446743563
264 0.58499776256975
265 0.6864818474675469
266 0.7217568567590174
267 0.889914058870849
268 0.9274113173027522
269 0.25065256080524534
270 0.7561088332928964
271 1.2019465322548561
272 0.704602405401075
273 0.6241116533149504
274 1.0059858849001233
275 0.7184668584508397
276 0.7836533906649497
277 0.5511881203784381
278 0.8809296272898351
279 0.8844074612760078
280 0.2583996586760223
281 0.9259027981329926
282 0.314468460868717
283 0.5856187746510989
284 0.5774884576719669
285 0.9533461270074741
286 0.5809357614663928
287 0.9837295334273477
288 0.6820243323354944
289 0.5468269594869472
290 0.4815309516974086
291 0.5829407077557928
292 0.9426565815565324
293 0.41507323294799103
294 0.4188827770032426
295 0.1
296 0.6316220163873035
297 0.4445484533003408
298 0.7093621584006468
299 1.0040789400647694
300 0.3639176889289978
301 0.596595186514947
302 1.2656223076904238
303 0.7447189772271571
304 0.7082531480234768
305 0.8446713367964878
306 0.3168195935662548
307 0.33679466863675
308 0.7651763059146264
309 0.6699016121278407
310 0.7109616780768538
311 0.3123808359102229
312 0.7774893813600138
313 0.6578689916546805
314 0.7245471815896835
315 1.1010488824446063
316 0.37426843833517726
317 0.7917497378875861
318 0.5275324923885181
319 0.26567884713623796
