0 2.6749572108065864
1 2.6566870818556234
2 2.8266700134507583
3 3.3031453029479105
4 3.4511880844414415
5 2.6616928728754106
6 2.9786235600150857
7 2.8125966522179624
8 2.723197854594836
9 3.0048834032838627
10 2.6368706150442134
11 2.9452321936942876
12 2.76323490430726
13 3.62755288008469
14 2.5281167793497894
15 2.8913277436688656
16 3.163836614380248
17 2.855711480863672
18 2.7608669919059454
19 2.751353433184301
20 2.513859182516117
21 2.756023079090225
22 2.5788024233049036
23 2.8660778130653912
24 2.620409109418965
25 2.912599008963078
26 2.936187708578147
27 2.7134571417698945
28 2.5955853922564702
29 3.114535446880776
30 2.963689740027043
31 2.788527630757909
32 3.049818109759977
33 2.5703161296297914
34 3.473061426648555
35 2.6600938755842702
36 2.4160114532442143
37 2.6946183257416507
38 3.12464116280921
39 3.2545661326108757
40 2.535745845883667
41 2.8212087374433135
42 2.397903598038404
43 3.247818147498399
44 2.931202158495496
45 3.055527401800004
46 3.0570522015395043
47 3.0395010808350795
48 3.0293949782281584
49 2.8995797593479278
50 3.106737925968436
51 2.624746850521648
52 3.2212101499722743
53 2.3313444603035904
54 2.975022603118856
55 2.6113737265894947
56 2.8816227702228248
57 3.112953099845431
58 2.478819217239145
59 2.8883115796363534
60 3.0734362049897297
61 3.026135315651697
62 2.637899551364857
63 2.585211063450274
64 2.5193985921467297
65 2.9737352252185594
66 2.897566466791348
67 2.754036408873932
68 2.7740049162130362
69 2.962507005624351
70 2.81273032363657
71 2.6565899396437693
72 3.0186861060601986
73 3.126674865568759
74 2.625132225699786
75 3.1183941231727137
76 2.980864492132427
77 3.2219050941418157
78 3.2802461462570593
79 2.292745803861523
80 2.6349344737210827
81 2.26833291627604
82 2.931363460632801
83 2.9314227518880296
84 2.692618325647186
85 2.986079362204402
86 2.2035813476793713
87 2.655515505597921
88 3.2081319640981025
89 2.4485160568440962
90 2.7096714521273064
91 2.50191107203206
92 2.87673250246926
93 2.905331477758645
94 2.7810065314289147
95 2.40931803875974
96 3.4543352831768592
97 2.8691940262318325
98 3.180294022543224
99 3.0930357168420457
100 3.063380941153919
101 2.9392059932106362
102 3.283169013600182
103 2.5752008999754805
104 3.1612802266008844
105 2.7410393229372008
106 2.762500226414233
107 2.851698270729266
108 2.6244190670043013
109 3.1969905985804936
110 2.6726851529140068
111 2.669966149628181
112 2.360579713039893
113 2.9829564754589337
114 2.9169783373595863
115 2.772353128523416
116 3.0487624599506127
117 3.0862396576074858
118 2.7282125225439917
119 3.1035334083451676
120 2.998749888205612
121 3.2396491946982304
122 2.8028514319589175
123 3.280821856014865
124 3.0124842334409303
125 3.533503695104276
126 2.984350273123235
127 3.276565206595121
128 2.8564605459514545
129 2.9935383826021504
130 2.7025770874936197
131 2.8700945968672325
132 3.433005146595906
133 3.2332835780560747
134 3.042838075966469
135 2.5789484520420083
136 2.784963029927897
137 2.8087301844687746
138 3.0182620682346477
139 3.167564446583058
140 2.7959945096596464
141 2.4868047215036864
142 2.981458044426731
143 2.8270218161742338
144 3.175528957362459
145 2.7747047669934255
146 2.991896196368386
147 2.985270347130083
148 2.6318491414515472
149 2.4840490780142774
150 3.365094371146312
151 2.8983022932899885
152 3.040788894410206
153 3.344859854063214
154 2.598927557762992
155 2.953921090867606
156 2.8648073804274823
157 2.508350071376648
158 2.6081268131290396
159 2.996839360255616
160 2.359199550502806
161 2.7011104821281626
162 2.729831273099343
163 3.379671968546718
164 2.556403624822387
165 2.4926581211769707
166 3.235307892936427
167 2.9994443552220376
168 2.670996975430576
169 2.4141517999485047
170 2.863670616597272
171 2.54958624899704
172 3.3442078879302044
173 2.881500147360753
174 3.29976391240147
175 2.521594288365007
176 3.0200533683665904
177 3.116883806011057
178 2.8384466732668594
179 3.2006843736190476
180 3.1352885192040816
181 2.887481377758176
182 2.687530441239624
183 3.4398670723209843
184 2.9025222415389313
185 2.4414910747322542
186 3.1137385491566874
187 3.2183168866442493
188 2.8084115003901884
189 2.956924164690318
190 3.1371900585224908
191 3.0138507052146513
192 2.6593509974695655
193 2.4391430248173083
194 3.2820918527289447
195 3.1322954967862686
196 2.593748283072787
197 2.7685580044609432
198 2.7270906691464267
199 2.8713754833640475
200 2.8341781024298314
201 2.092306570412635
202 2.8087515561734984
203 3.0696554103115115
204 2.7749507095473835
205 3.7128203904595853
206 3.1270975708313458
207 2.694667297399902
208 3.1102508979417727
209 2.8555974662066483
210 2.6886880085506526
211 3.5501354039172774
212 2.952673912170523
213 3.549572808099797
214 2.8289417999037827
215 2.597816741343435
216 3.129539806512032
217 2.6700976644413363
218 2.9977513978608687
219 2.852450421151174
220 3.0433567310417478
221 2.8459697115109632
222 2.765210197667867
223 2.7231067600704892
224 3.2415925602844964
225 3.4002947043202734
226 2.685659866693653
227 2.801008063777969
228 2.7863862823225274
229 3.0689840982920105
230 3.066223435904157
231 3.2343490461787674
232 3.305251114707821
233 2.9700375194752127
234 3.4088376951651065
235 2.7590675118778347
236 2.2894463455981984
237 2.7876240471579368
238 2.626212045561949
239 3.0450115035672556
240 3.0554545355447553
241 2.8084768248857195
242 3.0771953332788464
243 3.0315760078420384
244 3.0841708377666004
245 2.5143275300035555
246 2.998269522400724
247 3.1524984648744363
248 2.6477817044146286
249 3.3815249767311597
250 2.498102977620894
251 2.711328573827143
252 2.3461067110391856
253 2.38210876541695
254 3.0920420310130723
255 2.645398420809685
256 2.633382718656962
257 2.825693091546619
258 3.231595274889487
259 3.078239329605697
260 2.7270781254326564
261 3.1748580762516
262 3.439563241287857
263 3.037619173002447
264 2.752232776784214
265 2.8576700708559706
266 2.568013453342535
267 2.721877423771268
268 1.9826041834909995
269 3.0128448108510435
270 2.595625439601271
271 2.88792760061722
272 3.280640039558434
273 2.975227548324194
274 2.8014548261283223
275 2.769177644613897
276 3.194403067990135
277 2.726699358666047
278 3.522798532177223
279 2.806656421415289
280 2.864718928396321
281 3.0674271491646388
282 3.276563066880583
283 2.7722796741725966
284 2.9222144374418777
285 2.273961710110349
286 2.6561835572061283
287 3.267196882595386
288 3.033022185454129
289 2.6749167672587792
290 3.0479673019954174
291 2.618135369132644
292 2.971716275200346
293 2.535192645131124
294 3.248735862312339
295 2.242646043042862
296 2.86359176170549
297 2.731110781924581
298 2.5346337962095755
299 3.212373979228226
300 2.8602842180158117
301 2.8888909393261746
302 2.514339322091907
303 2.735399912271333
304 2.5124404109634213
305 2.910781603875994
306 2.800198883543495
307 2.941933144084099
308 2.924392705167931
309 2.716463490666563
310 2.956008432545156
311 2.7705689753389886
312 3.323596210141699
313 3.3664264661051972
314 3.327607389759006
315 3.0407835525138363
316 3.1941712158789914
317 2.9906205452896866
318 2.1186973862530794
319 2.867595814015123
