0 3.1404368248230723
1 3.2487529190685036
2 4.112087390095384
3 3.3518731583718955
4 3.3461313532781265
5 3.263646882859586
6 3.4284203350810283
7 4.0467594778734455
8 2.8623481394293173
9 3.483031790407718
10 3.61206474196579
11 3.003541701791862
12 3.5999896387013632
13 3.54096446218215
14 3.88844574778614
15 3.030166801636583
16 4.059261125088612
17 3.1382914677775724
18 3.386590631361324
19 3.5292292017614555
20 2.8138606638731085
21 3.095441022291493
22 3.1995020870746513
23 2.986848673249597
24 3.3393571977398744
25 2.88667758842971
26 3.1732516820958696
27 3.4136027381694443
28 3.1044005682658415
29 3.4066826030882553
30 2.8274257355243595
31 4.225160686933952
32 3.6214460145188574
33 3.4734169825217105
34 3.564276859591437
35 3.334150537159386
36 2.9922703581760897
37 3.1087163804027687
38 3.6774341932578345
39 3.503036812871995
40 3.4986524067636546
41 3.1539105146358604
42 2.535416368024092
43 3.239726736150149
44 2.869079828615508
45 3.426172008918542
46 3.610435871478669
47 3.8218512408774363
48 3.1929616074438423
49 3.5974255236917054
50 2.8853696531160598
51 2.6765132888352094
52 2.8658031125508985
53 2.8597937148394785
54 3.5943132157968405
55 3.3153278551085146
56 3.09527982548796
57 3.167178416015897
58 3.478723960584239
59 3.5281587260683556
60 2.908421418121789
61 2.4580660732072555
62 3.035888861023399
63 3.159691319813261
64 4.0467074589186005
65 2.928247930144149
66 3.6230713899028846
67 3.4887593744311314
68 3.1285722140934844
69 2.8155050372081396
70 3.9668322934129185
71 3.077212668418892
72 3.592690479407964
73 2.5852391999388953
74 3.1684988556560474
75 3.579305835450224
76 3.5502726266569433
77 3.7263449473932226
78 3.2121189796813328
79 2.9755291219262414
80 2.9083279320877864
81 3.872490542892674
82 3.267477766780803
83 2.5095896968452593
84 2.7814420798335333
85 3.602571287810393
86 3.413753195287386
87 3.4827813781286014
88 3.174919779738425
89 2.7529352675906225
90 2.8457984403434384
91 2.6512674520335544
92 2.6803411145526774
93 2.901588688833885
94 3.1317655700247062
95 3.908228928533601
96 3.0301902158151024
97 3.1548093579712786
98 3.689351449061269
99 3.61946683915545
100 3.44673476755388
101 3.2084796425997753
102 2.740443124951793
103 3.51630702926443
104 2.965172891752656
105 2.9365261892722554
106 3.003101221697604
107 3.2279740409636237
108 3.0722743900594356
109 3.9140932370763792
110 2.6536149083195237
111 3.174900421553484
112 3.795147673058041
113 2.726210803575502
114 3.9351866336060084
115 3.1889986091533222
116 3.0516954119655817
117 3.6230717543181825
118 3.3964967012348817
119 3.165996956412335
120 3.3869541309151594
121 3.0915832498849967
122 3.537735333183262
123 3.5172108324350893
124 3.2661242847411622
125 3.599297818463163
126 3.622212449750971
127 3.0334130461901214
128 3.515098970860018
129 3.171402391893775
130 3.425486360436976
131 3.0589246742432086
132 3.191662166252496
133 2.8703840074174014
134 3.0867128441131273
135 3.6687043907383385
136 4.121945612807787
137 3.816467738696406
138 3.6091646439614156
139 2.9946566202815226
140 3.6749189075825193
141 3.397240623748518
142 3.8067945317138268
143 3.415170351011896
144 3.7770674518950225
145 3.3339068828053313
146 3.170860021652885
147 3.5512085295212437
148 3.8103301160814764
149 3.468028016276372
150 3.8869199226525213
151 3.4100307813107493
152 3.4763315450893537
153 3.5112721346981814
154 3.7391624238460817
155 3.5490477877352404
156 3.6780266469865253
157 3.254867245233309
158 3.360079294806288
159 3.331151730958915
160 3.392654567606739
161 2.5040085058583035
162 3.5504854447831793
163 3.3979518645539297
164 3.6049889472838026
165 3.242426886746731
166 3.217662880116132
167 3.4644844431582
168 3.293196261834563
169 3.433433661994982
170 3.393039106781887
171 2.6504597470131026
172 3.1246084145180943
173 3.6985070569728142
174 3.2450275214403512
175 3.4917325187838197
176 3.417696733019402
177 3.5074169927844845
178 3.3067988434914612
179 2.841190434189296
180 2.877974672619563
181 2.825478327557171
182 2.7138478165882822
183 3.1007441564344704
184 2.828837591631488
185 3.566228119305819
186 3.6770234796010324
187 3.1044913746688088
188 3.035335149759834
189 3.104086002221959
190 2.618913019229696
191 3.1082745524689916
192 3.4653848381732186
193 3.0943037425001974
194 2.9403305423943547
195 3.5075081694197405
196 3.3151053722860495
197 3.5385734222508938
198 3.1911861668261357
199 3.540895832021929
200 3.4201121639807246
201 3.7284814886346074
202 3.695217436122279
203 3.4794287712132386
204 3.3563032202105063
205 3.174951440932108
206 3.6458427980581054
207 3.014218394640655
208 3.253406437671019
209 3.0021917882005824
210 2.897116733812266
211 3.518401955643592
212 4.100878400648793
213 3.7322254988675234
214 3.544029282730926
215 3.45712290199688
216 2.7927688542868307
217 3.6944477436517364
218 3.4804425269681287
219 3.8785851601811663
220 4.0171526739371135
221 3.4991936816838587
222 3.7202188548857063
223 3.4692160716436335
224 3.7136910724097665
225 4.039798939419138
226 2.967289316216823
227 3.78136610114185
228 2.860175799387489
229 3.1348638606003587
230 2.84090169503229
231 3.3863384696065797
232 3.1001052442616412
233 3.598223649239586
234 4.082957621571687
235 2.975249778833265
236 2.942626932282278
237 3.0051275361967003
238 2.871448874756399
239 2.901159778593117
240 2.772570128352873
241 3.9484677860799327
242 3.480145490457545
243 2.914493087003714
244 2.984735845730664
245 3.588112939609703
246 2.9817379155074257
247 2.932284039338249
248 2.804468621382353
249 3.5797144657128355
250 2.8507412535040193
251 2.774292302997429
252 3.1814301212644156
253 3.589059136781196
254 3.5683166316047474
255 3.3092363915407423
256 2.8246515043110962
257 2.9293794438291543
258 2.7510615448364164
259 3.29550544378213
260 3.0524269537702144
261 2.8832189863983966
262 3.2819871402494307
263 3.1027210112688994
264 3.3769047850103644
265 3.1728515661209844
266 3.514825004291644
267 3.372915394281162
268 3.393931441941754
269 3.7299495804977876
270 2.4403038482284485
271 3.4952862039193495
272 2.987799720472965
273 3.1795741074428907
274 2.8779916254256084
275 3.218675590665793
276 2.784274216695418
277 3.431479967328822
278 2.5464688213942623
279 3.092093731530684
280 3.2262620898339565
281 3.556730102236256
282 2.807626192255138
283 2.68200208159825
284 3.2825839047396252
285 2.9874542136198534
286 2.968752231851582
287 3.1443456503081286
288 3.1768377711775235
289 3.034063601965125
290 3.1013367389851747
291 3.1780737375316535
292 3.3171121977766274
293 3.3835108243984764
294 2.788091920904136
295 3.030840489188262
296 3.426452871673489
297 2.833060237036907
298 2.9270803506813747
299 3.8139656576625813
300 2.907865524512495
301 3.1958928273364884
302 3.1115714198540507
303 3.3334085683746926
304 3.031792317138731
305 3.106163976686789
306 3.450435488896053
307 3.4046234196571534
308 3.4019514937894755
309 3.3461274156600096
310 2.88499459515722
311 3.1720388022712998
312 3.062354069309968
313 2.8602908321702243
314 3.397805437467079
315 3.5876755700337735
316 3.2287172462358957
317 3.3987023467471356
318 3.5974816787132755
319 2.8177952245914417
