0 5.708468530174491
1 3.8327631893067666
2 4.141619048963852
3 3.5009586500803938
4 2.8640544170639166
5 2.9288009800158235
6 3.026873668047922
7 3.3205251211986817
8 1.0845536165241485
9 2.1033926120258903
10 2.0640998928148253
11 3.0559894156073186
12 3.184567723574157
13 5.9018617361917975
14 4.858302008696803
15 2.73172760211119
16 4.120052562638633
17 1.5700023417185847
18 2.059562328050079
19 2.169815908222262
20 2.8295858133951097
21 2.603002831788435
22 2.588289289922931
23 2.7502941141510253
24 4.141036855627978
25 0.8997512020499858
26 2.758568745370123
27 5.642598652794721
28 7.4755116284723595
29 4.601539002365475
30 4.319653381476828
31 0.9547221612231103
32 2.4458170294848705
33 0.9161177718303168
34 4.911879335355179
35 1.7336497581696864
36 4.063057063347252
37 2.563177032182654
38 0.9076393945715604
39 1.1781326073251128
40 6.23525363837993
41 3.809620746455781
42 2.146378780236969
43 6.735779652872603
44 1.8917494080885204
45 2.3994442226423836
46 4.893793791646097
47 2.7586312870973715
48 1.9716006115617921
49 2.283052823203097
50 3.6133004834607694
51 1.0863256640672918
52 2.545193753424084
53 1.8615792963927733
54 2.529085960214366
55 2.5391741007529562
56 2.490028180710684
57 5.1677134078059535
58 3.6498360834569237
59 5.7506571126335695
60 1.5425533421668027
61 2.185429128638716
62 0.6193767871173965
63 2.702495562213673
64 1.351928162991744
65 3.7627734053196136
66 1.3426945702103348
67 3.9288270767923406
68 2.209521315628254
69 3.2892930095847768
70 3.6296242675917956
71 5.463237498396717
72 3.147007777189953
73 3.3298745259369156
74 4.416706607461505
75 4.016650462123251
76 1.8490516968936643
77 4.898980456446155
78 4.412635966945075
79 3.540897082629181
80 4.461066115011481
81 6.7968986364181765
82 3.2509133491319253
83 5.130845153560639
84 3.777914101698434
85 4.454201617790045
86 4.675813788886401
87 4.811272066109323
88 5.01362697576299
89 3.0318002410637637
90 3.253770029751604
91 2.014364289842108
92 1.973608445510539
93 0.1
94 2.293184888039062
95 1.6779680829296688
96 2.261859752634894
97 6.363177480890691
98 1.3108932121874708
99 0.1
100 4.525691980483774
101 3.55494909618493
102 3.1124779442667823
103 3.186129340888879
104 3.1441227926794295
105 1.2802956688414115
106 0.85855541566217
107 0.8221968802765534
108 1.2338241166592927
109 2.138902402316652
110 1.552629091551277
111 5.409873003229498
112 0.9597144363745804
113 3.3558485940956237
114 0.1
115 1.732093201908906
116 5.184009912247073
117 1.1147270801386062
118 3.2173312863236725
119 2.4265283143066263
120 3.850321145357804
121 6.404846193958096
122 2.990181253309632
123 1.1874068846409689
124 3.810933964533975
125 5.097867896863472
126 3.8827766732077533
127 2.4931740652271603
128 1.8954551474961197
129 2.684243613366963
130 2.9388576817792473
131 0.1
132 4.455218467242467
133 5.689872193623588
134 1.8916332507345732
135 4.87112925043176
136 0.1
137 0.1
138 0.1
139 1.4992759893145364
140 8.24651450506771
141 0.1
142 1.8557606969288305
143 5.63932519564529
144 0.8078731646507253
145 2.034105430304524
146 1.1796646819717578
147 3.8417368376931593
148 5.9881251026108355
149 4.24498487759978
150 4.4695975610854966
151 0.707173114963044
152 3.732653166194084
153 2.449480943536428
154 3.3916920446935412
155 4.743319641703108
156 4.217754663765334
157 1.3282724199951887
158 3.7930673901482987
159 1.6369386005879791
160 2.8583323114387587
161 2.1262543683411126
162 2.2006284376891467
163 2.0410907598760386
164 0.3019043407008377
165 0.90251064794802
166 2.411684233314514
167 2.6283832850276405
168 3.466729916205465
169 3.356976661984727
170 4.06808086107853
171 2.5890557016898352
172 1.8530611085875246
173 4.55556131003459
174 4.7387594888359486
175 0.35556117133976795
176 5.693773263874316
177 3.9832281520768724
178 3.6133831575825717
179 3.797950196449608
180 2.13726945837733
181 2.784953820545038
182 3.446076973601696
183 1.8595315651333426
184 3.2940153817554165
185 1.9165460498168314
186 4.624462852093919
187 2.8139514978331515
188 3.391281647052505
189 4.700964973272881
190 2.910117738053148
191 4.235581519932022
192 0.8337084153891299
193 5.4816030458867235
194 2.6069633563627077
195 2.184910849116105
196 0.7523529598034862
197 2.3346369787044585
198 0.8547546681086624
199 2.8063921239579144
200 2.9704418391892773
201 0.8460802300414763
202 2.2259046390381085
203 5.802154047358241
204 0.24254632004575827
205 1.9343303584038543
206 2.2888830520108976
207 2.259741673760196
208 3.1921547870096947
209 2.8259992644650302
210 3.1177231049493797
211 4.086756231754401
212 5.847474180703504
213 3.0810256314425066
214 2.6712467092055667
215 2.732026155319763
216 0.7724656804414605
217 7.09137223749185
218 0.7474599478452721
219 3.2337627375194824
220 1.9659497515935318
221 2.219533472142992
222 0.4637756624575857
223 1.1622565480033578
224 2.4639575996029617
225 4.37307189858376
226 3.266890659007509
227 2.551487297300956
228 4.731964046767704
229 3.2966324132137403
230 3.93313149309415
231 2.5805287468865297
232 3.6810202029873254
233 3.9328685413302793
234 2.57922926873462
235 0.1
236 2.2515050471931755
237 4.219574967515603
238 2.3394524982944898
239 3.591427341226303
240 2.8170591218886263
241 1.949686926000035
242 4.1675414061948
243 3.104100427171794
244 1.304775618307093
245 4.907179635101144
246 3.461470457565804
247 0.8990925830630481
248 3.9706184112716825
249 2.992553233195541
250 5.548303405677661
251 1.2030326270047482
252 2.870411158692342
253 3.792003385142626
254 4.535422522471182
255 0.9406400042503433
256 3.4584731216450537
257 0.8289112485853032
258 4.151696431466339
259 1.8723998843440222
260 3.0991190720191804
261 5.537773956097283
262 1.6070232512258253
263 3.7433029147953585
264 0.8616088973552642
265 2.94668411659516
266 2.617017477319016
267 6.3069038835718025
268 1.9841445102323598
269 1.0926472253765345
270 0.4483033539127721
271 2.5639551312117
272 4.402962865452259
273 3.254768058316135
274 4.707597957365515
275 2.080402887720039
276 4.0906170419882155
277 4.209949912163104
278 2.9923352627126745
279 1.7924253477377834
280 4.973723812317192
281 3.236366850807608
282 0.7177166257767347
283 1.6050470979590656
284 0.1
285 3.0312088222510556
286 3.74215793001708
287 5.291568559023889
288 2.9784131326565015
289 3.822701224082533
290 2.0972403470321037
291 1.4740143697002908
292 3.8004927914559348
293 1.841915722149023
294 1.4930886502951979
295 5.090960293677528
296 1.4924825442650462
297 1.2851543967045091
298 3.499469401727551
299 4.626908880127938
300 4.7439500488639395
301 3.7811523011570563
302 3.0515234833199574
303 3.3380428041548056
304 4.2492437216022285
305 1.348834537708682
306 6.432659591990424
307 4.359659028176342
308 4.4160592200030155
309 2.0216941586884705
310 3.256911928051296
311 5.385263806256475
312 2.9025982990819816
313 3.789735447398491
314 2.8845115905296823
315 2.107401421345754
316 3.4111265061430007
317 3.8776673134088995
318 1.4327445186438086
319 1.654410380741261
