0 1.8154833528854342
1 1.4595666503077087
2 1.4595666503077087
3 1.8432543591043187
4 1.8432543591043187
5 1.539039066728427
6 1.7201682763744912
7 1.7201682763744912
8 1.6034184547083872
9 1.6034184547083872
10 1.863017173225829
11 1.2212880824482841
12 1.6140973910249221
13 1.6140973910249221
14 1.7672349388925899
15 1.7672349388925899
16 1.8091563831865785
17 1.8091563831865785
18 1.66304864315596
19 1.66304864315596
20 1.7348147770650035
21 1.7348147770650035
22 1.4641480277798855
23 1.576482751953609
24 1.576482751953609
25 1.5057633504210333
26 1.5057633504210333
27 1.6904314505251963
28 1.6726065463627129
29 1.6726065463627129
30 1.5546730921745437
31 1.6377377316993342
32 1.6377377316993342
33 1.8955208821714902
34 1.8955208821714902
35 1.747827713367143
36 1.747827713367143
37 1.502472945903628
38 1.6290511384116164
39 1.6445921634977398
40 1.6445921634977398
41 1.7762803963979008
42 1.7762803963979008
43 1.8379450512963318
44 1.8379450512963318
45 1.6171655200941566
46 1.6171655200941566
47 1.523772710255461
48 1.523772710255461
49 1.5174181086173875
50 1.5174181086173875
51 1.5382943383697716
52 1.7224587301953027
53 1.434232321196362
54 1.434232321196362
55 1.4571593651896007
56 1.4571593651896007
57 1.4130766187199437
58 1.4130766187199437
59 1.2567739866717678
60 1.2567739866717678
61 1.6073887149205304
62 1.6073887149205304
63 1.2519823915475263
64 1.2519823915475263
65 1.636387491945152
66 1.5181743244362926
67 1.5181743244362926
68 1.6150984982765524
69 1.6150984982765524
70 1.6598022188316983
71 1.6598022188316983
72 1.674797279274764
73 1.3581915980830854
74 1.3581915980830854
75 1.765546480771025
76 1.765546480771025
77 1.4847708937031128
78 1.4847708937031128
79 1.4364595047776951
80 1.4364595047776951
81 1.4012012132412492
82 1.4012012132412492
83 1.3301752126954158
84 1.3301752126954158
85 1.3129240178142798
86 1.3129240178142798
87 1.245757270969323
88 1.245757270969323
89 1.40619213807483
90 1.40619213807483
91 1.4576464219711167
92 1.4576464219711167
93 1.6033848469300482
94 1.6033848469300482
95 1.621205251609996
96 1.621205251609996
97 1.3487300465455467
98 1.5098795766576174
99 1.8060307844762213
100 1.8060307844762213
101 1.5940043095803298
102 1.786167617875909
103 1.786167617875909
104 1.3975534007376216
105 1.3975534007376216
106 1.9004987253004246
107 1.9004987253004246
108 1.8827166963271553
109 1.8827166963271553
110 1.881264748824322
111 1.416066340700764
112 1.416066340700764
113 1.4109962670083571
114 1.4109962670083571
115 1.5410274703175755
116 1.5410274703175755
117 1.5072892284886157
118 1.5072892284886157
119 1.352764351806022
120 1.352764351806022
121 1.6714605801646962
122 1.414224067524073
123 1.414224067524073
124 1.5908004697015508
125 1.5908004697015508
126 2.2026755974549848
127 2.2026755974549848
128 1.5956258772719065
129 1.5956258772719065
130 1.748417470323825
131 1.748417470323825
132 1.5900830214887391
133 1.5900830214887391
134 1.6380934968715382
135 1.6380934968715382
136 1.8370380267762405
137 1.8370380267762405
138 1.8134787066533087
139 1.3761112365613262
140 1.3761112365613262
141 1.5803951545102777
142 1.5803951545102777
143 1.4329437186866874
144 1.4329437186866874
145 1.501600278248004
146 1.8469907441567233
147 1.2669640324711917
148 1.2669640324711917
149 1.5429080896661231
150 1.5429080896661231
151 1.530106225154051
152 1.530106225154051
153 1.4421743510349714
154 1.8576045379734845
155 1.8576045379734845
156 1.5509919044293836
157 1.5221069440536998
158 1.5221069440536998
159 1.6289144169690708
160 1.6005103594510683
161 1.608283254665964
162 1.608283254665964
163 1.6823345154371818
164 1.4200617449083643
165 1.4200617449083643
166 1.7245388585529828
167 1.7245388585529828
168 1.7129907710462475
169 1.7129907710462475
170 1.5656516457724015
171 1.3893725180206413
172 1.4208399489919572
173 1.5435587163001445
174 1.5435587163001445
175 1.7599868307311974
176 1.7599868307311974
177 1.2330154608105868
178 1.2330154608105868
179 1.5437147110774079
180 1.3866892623220373
181 1.3866892623220373
182 1.5974386802663816
183 1.5974386802663816
184 1.4480323567134352
185 1.5218683841012306
186 1.5218683841012306
187 1.7460217763500392
188 1.7460217763500392
189 1.5899006325019442
190 1.3172285739745329
191 1.3172285739745329
192 1.3315602377944704
193 1.3315602377944704
194 1.9047971522367944
195 1.6967599586273725
196 1.6967599586273725
197 1.814376846407171
198 1.814376846407171
199 1.3541159132966991
200 1.3541159132966991
201 1.5861190552674242
202 1.8571196479829268
203 1.8571196479829268
204 1.7595234133444406
205 1.7595234133444406
206 1.8052985213420831
207 1.8052985213420831
208 1.5583478056582176
209 1.545443354714263
210 1.3582446213895731
211 1.3582446213895731
212 1.4707547849386338
213 1.4923047757434749
214 1.4923047757434749
215 1.5203918230664746
216 1.5203918230664746
217 1.4110863301066128
218 1.7853697791609855
219 1.7853697791609855
220 1.751558044866807
221 1.751558044866807
222 1.7124743913857672
223 1.7124743913857672
224 2.0589962337123384
225 2.0589962337123384
226 1.6077046043984011
227 1.6077046043984011
228 1.7156533479590301
229 1.7156533479590301
230 1.7742910424735794
231 1.7742910424735794
232 1.5757716392525423
233 1.5757716392525423
234 1.6657110873336214
235 1.6657110873336214
236 1.8548400071190092
237 1.495688095041442
238 1.495688095041442
239 1.815878260557137
240 1.815878260557137
241 1.4931697798149486
242 1.4931697798149486
243 1.5982285622314607
244 1.5982285622314607
245 1.6539932017738432
246 1.6539932017738432
247 1.5119126307349167
248 1.5119126307349167
249 1.3874101394634468
250 1.7863899634503175
251 1.7863899634503175
252 1.790223995189693
253 1.790223995189693
254 1.6277963669597926
255 1.6277963669597926
256 1.4003182087983082
257 1.4003182087983082
258 1.7662706666580068
259 1.593894508886324
260 1.593894508886324
261 1.558641006106727
262 1.558641006106727
263 1.458980611518183
264 1.458980611518183
265 1.5245075692447136
266 1.5245075692447136
267 1.5720391003223235
268 1.5720391003223235
269 1.5032650119179423
270 1.5032650119179423
271 1.6218897355210822
272 1.6218897355210822
273 1.403217681160308
274 1.403217681160308
275 1.5981217925905873
276 1.6712092125861728
277 1.6712092125861728
278 1.8256098162321914
279 1.8256098162321914
280 1.6313493472772809
281 1.6313493472772809
282 1.8998375500578644
283 1.8998375500578644
284 1.354351784656663
285 1.4449317093680143
286 1.4449317093680143
287 1.4863985295646194
288 1.4863985295646194
289 1.3460777697739723
290 1.5917682493792613
291 1.7816745205273914
292 1.7816745205273914
293 1.387567167207177
294 1.387567167207177
295 1.5992244839849212
296 1.3455027963111847
297 1.3455027963111847
298 1.6430310529517569
299 1.6430310529517569
300 1.5480528185590423
301 1.5480528185590423
302 1.5698062048243482
303 1.5698062048243482
304 1.522876850479832
305 1.522876850479832
306 1.5115024895313287
307 1.5115024895313287
308 1.5186435070733657
309 1.5186435070733657
310 1.5086920944911184
311 1.5086920944911184
312 1.6350908526741237
313 1.6350908526741237
314 1.7812092666359314
315 1.7812092666359314
316 1.7972850951749901
317 1.7972850951749901
318 1.6746951886301078
319 1.6746951886301078
