0 2.459956027294808
1 1.8995319382220128
2 2.2556958141724475
3 2.6961021712396938
4 2.5605431387890367
5 2.0651508028346237
6 2.7380611184310295
7 2.462147953992845
8 2.901528319509473
9 2.703238407694528
10 2.1583677172142286
11 2.4157149835232135
12 2.401585578231231
13 2.602870629671162
14 2.53837681238191
15 2.2712694007759042
16 2.5183263823284756
17 3.0008258343927285
18 2.4387088800779124
19 2.6772125351452094
20 2.800288363588947
21 2.070744933430712
22 2.5110730176802973
23 2.24357170955516
24 2.315198892408171
25 2.279642139175413
26 2.5680996540493632
27 2.7677246182920006
28 2.1061783286221987
29 2.476375676904122
30 2.2481013424447505
31 2.784024140812867
32 2.4916121575171366
33 2.7210307938612086
34 2.7947852299477023
35 2.684281984051085
36 2.5902950221579344
37 2.9328971526240597
38 2.5704246103586748
39 2.4450115796862937
40 2.2736660422644515
41 2.556406562827033
42 2.506835199091417
43 2.539965980574313
44 2.537916977134529
45 2.244086499236945
46 2.4623392196240195
47 2.1217313772913977
48 2.254756946831456
49 2.6381587410215688
50 2.2742754445274946
51 2.096899434955157
52 2.037331556916474
53 1.9572961281826613
54 2.4297006497483333
55 2.160591286676982
56 2.4408272009079215
57 1.9191606690937302
58 2.4702204149766755
59 3.076948126913369
60 2.5830236095692163
61 2.4116378409575914
62 2.2113125218079537
63 2.4853885898828696
64 2.554225944569985
65 2.604845922623911
66 2.1647467277976773
67 2.309370422417313
68 2.3073380384134694
69 2.4957174911945126
70 2.238766742452609
71 1.7341447362892688
72 1.6572906978041528
73 2.202667540530668
74 2.616035129707738
75 2.1539069631123784
76 2.698768850372224
77 2.4485035702707547
78 2.65617306671368
79 2.4153411743906017
80 1.9720182932231896
81 2.8383187695479313
82 2.576940945476432
83 2.4915675372811763
84 2.9519595471777365
85 2.3829382538149444
86 1.9605896479820473
87 2.724261766610807
88 2.1234447200239717
89 1.8682381886360548
90 2.7019354875448616
91 2.3634468604329224
92 2.1834295654772617
93 2.4131636651686414
94 2.258645581403627
95 1.7462509952094383
96 2.3498271714109977
97 2.439902635003488
98 2.584889475726164
99 2.216594521702479
100 2.0294685546923397
101 1.9979547568732468
102 2.1382379984517446
103 2.5544744399082675
104 3.059205605722639
105 2.154010300170781
106 2.396238754600116
107 2.181519968649814
108 2.0226607527048754
109 2.1279269883839587
110 2.3830143519398628
111 2.4635908043097805
112 2.1951406451744395
113 2.1729289974120793
114 2.2610713367466975
115 2.3710455506112704
116 2.572890253403594
117 2.2735289263599907
118 2.016084762557785
119 2.549019345747361
120 2.618456728924267
121 2.9929618242392446
122 2.6891041375296156
123 2.7046026839716335
124 2.1593590719016036
125 2.5423801129974963
126 2.5708520150366363
127 2.4491874687019948
128 2.1801907465569568
129 2.8229333954475306
130 2.251148375164456
131 2.0463540343622957
132 2.0469934019459255
133 2.04584644255708
134 2.4692771567597878
135 2.560574924411581
136 2.5942859939872807
137 2.1376425548967863
138 2.2354140414095616
139 2.2704249621177626
140 2.248548944348792
141 2.2157368557422443
142 2.1623452276919206
143 2.5509187553711516
144 2.1073199872962425
145 2.6259509239544965
146 2.767938405815792
147 2.586499883009054
148 2.2902151104109567
149 2.9203451957539794
150 2.5858819514064293
151 2.2660482845488006
152 2.620772207772446
153 2.626888095107591
154 2.0644582776317204
155 2.3435880904806363
156 2.2236630037643903
157 2.3923593221126493
158 2.418993450715413
159 2.723106801801892
160 2.3904055552462604
161 2.005952470890213
162 1.792853195853206
163 2.2778689294745162
164 2.035681773535218
165 1.973310444512622
166 2.812890546248178
167 2.1671322960196346
168 2.6176039229817007
169 2.64237163114507
170 1.9367788362172396
171 2.7134372677970577
172 1.4962226727568275
173 2.445019476132312
174 2.7986229017952655
175 1.5919948276306286
176 2.2374874037973065
177 2.483192234362353
178 2.4447483291230827
179 2.4784061652405023
180 2.2657364509322626
181 2.0567752219342847
182 2.6252555603433656
183 2.429670633816936
184 2.1517222904979327
185 1.8766556426216103
186 2.795974544158356
187 2.520386322703036
188 2.5268599808837386
189 2.8743512592330074
190 2.248669287832391
191 2.6275093509102008
192 2.2573721026490157
193 2.6652841656416872
194 2.2626180760051327
195 2.7121995881272944
196 3.3297725412755574
197 2.2670081980738472
198 2.4655998419188125
199 1.9742404639104905
200 2.547816984729086
201 2.289498264340151
202 2.706964365673713
203 2.143288549448878
204 2.4378950151375
205 2.6756969355755644
206 3.0938180406851803
207 2.2169296035038393
208 2.479754361767761
209 2.5866854583315404
210 3.228395663091298
211 2.099826845634479
212 2.0226125827425374
213 2.037917102250018
214 2.0117001034249693
215 2.540082745555987
216 2.3630733957763326
217 2.8724955129578476
218 2.8813919332129205
219 2.3489460203517294
220 2.551134150114573
221 1.9351422522942385
222 2.6541890761292573
223 1.7533228430596073
224 3.1897133891520912
225 2.664766010814514
226 2.424163387976956
227 2.1675325383545148
228 1.8972795136032115
229 2.4480933589595684
230 2.403302736866455
231 2.1554300374663447
232 2.654093494649624
233 2.225947602450128
234 2.6024986529227903
235 2.627831929349631
236 2.085141730494255
237 1.9319935232763947
238 2.2508110358743956
239 2.5509203436365824
240 3.0966146341139082
241 2.3251320775850717
242 2.813098602065427
243 2.8286673012270556
244 2.7466293379029594
245 2.5536702620098226
246 2.1951376776676903
247 2.3787145173057036
248 2.4095466544412054
249 2.5892490022531716
250 2.774994405617191
251 2.877807438091913
252 2.634884209630794
253 2.109299948386985
254 2.710879243715106
255 2.7882807360027533
256 2.7312644880026107
257 2.2393704327255106
258 2.5701849533828183
259 2.3526750707837776
260 2.1114965322013655
261 2.125158630436547
262 2.5935142109213185
263 3.01310200579207
264 2.462653577982415
265 1.7432804805368072
266 2.458489292251516
267 2.1702048243965004
268 2.640664015416908
269 2.6276101560559257
270 2.3307604608708323
271 2.2798702585301984
272 3.1745144614165937
273 1.8470387043274852
274 3.4047694590178956
275 2.2999937104385824
276 2.652032447768523
277 2.4516103468294643
278 2.3679334923129707
279 2.133696852076794
280 2.1380722174219886
281 2.8547012413261603
282 2.1303672357661103
283 2.0651931447657734
284 2.462764006201198
285 2.275028562700793
286 2.605446323772252
287 2.4051432882174852
288 1.8631367398480236
289 2.5618928292367102
290 2.5249370916800116
291 2.3161829517664954
292 2.7978489191362685
293 2.1370621999193955
294 2.6436089160181493
295 2.4717426651821457
296 2.801427078887515
297 2.293061297349829
298 2.200273101200993
299 2.6093437800133885
300 2.6539638790448583
301 2.6447330972274496
302 2.8096426506418424
303 2.3560319929876115
304 2.424212130401906
305 2.355362798103787
306 3.0103075818710097
307 2.3029996759055646
308 2.8847012400344196
309 2.4626139991801166
310 2.274057799281282
311 2.5205683088031927
312 2.431241578878596
313 2.445503200603853
314 2.2040270961421347
315 2.4637628572727035
316 2.236049831325076
317 2.3750010722243347
318 2.45981338301357
319 2.3675925476177224
