0 3.3189194006140936
1 3.3189194006140936
2 0.49721374889553704
3 0.49721374889553704
4 0.49721374889553704
5 0.49721374889553704
6 0.517138600598622
7 0.517138600598622
8 0.517138600598622
9 0.517138600598622
10 0.3359195023353032
11 0.3359195023353032
12 0.3359195023353032
13 0.3359195023353032
14 1.6227328453628957
15 1.6227328453628957
16 1.6227328453628957
17 1.6227328453628957
18 2.101087435383206
19 2.101087435383206
20 2.101087435383206
21 2.101087435383206
22 1.4905272131967986
23 1.4905272131967986
24 1.4905272131967986
25 1.4905272131967986
26 2.4903446625305805
27 2.4903446625305805
28 2.4903446625305805
29 2.4903446625305805
30 1.4736894488587793
31 1.4736894488587793
32 1.4736894488587793
33 1.4736894488587793
34 3.1149755016123297
35 3.1149755016123297
36 3.1149755016123297
37 3.1149755016123297
38 3.6651364917674645
39 3.6651364917674645
40 3.6651364917674645
41 3.6651364917674645
42 1.6267819452487333
43 1.6267819452487333
44 3.7227876627621423
45 3.7227876627621423
46 3.7227876627621423
47 3.7227876627621423
48 4.811540642645637
49 4.811540642645637
50 4.811540642645637
51 4.811540642645637
52 3.2823269842824687
53 1.6744825581189398
54 1.6744825581189398
55 1.6744825581189398
56 1.3390084121038515
57 1.3390084121038515
58 1.3390084121038515
59 1.3390084121038515
60 3.3632959012672985
61 3.3632959012672985
62 3.3632959012672985
63 3.3632959012672985
64 1.5739233716703462
65 1.5739233716703462
66 1.5739233716703462
67 1.5739233716703462
68 2.442706336508753
69 2.442706336508753
70 2.442706336508753
71 2.442706336508753
72 3.1397893762322235
73 2.412714381377968
74 2.412714381377968
75 2.412714381377968
76 2.412714381377968
77 0.6871371936366897
78 0.6871371936366897
79 0.6871371936366897
80 0.6871371936366897
81 1.8184246308913292
82 1.8184246308913292
83 1.8184246308913292
84 1.8184246308913292
85 3.400028705893849
86 3.400028705893849
87 3.400028705893849
88 2.3700179941780695
89 2.3700179941780695
90 2.3700179941780695
91 2.3700179941780695
92 1.7657142484020896
93 1.7657142484020896
94 1.7657142484020896
95 1.7657142484020896
96 2.620547097120168
97 2.620547097120168
98 2.620547097120168
99 2.620547097120168
100 0.4668556341852542
101 0.4668556341852542
102 0.4668556341852542
103 0.4668556341852542
104 1.2031998612382746
105 1.2031998612382746
106 1.2031998612382746
107 1.2031998612382746
108 1.8817883048593909
109 1.8817883048593909
110 1.8817883048593909
111 1.8817883048593909
112 0.21831499202938565
113 0.21831499202938565
114 0.21831499202938565
115 0.21831499202938565
116 1.6330141743053423
117 1.6330141743053423
118 1.6330141743053423
119 1.6330141743053423
120 0.5630673741645711
121 0.5630673741645711
122 0.5630673741645711
123 0.5630673741645711
124 2.099205753751881
125 2.099205753751881
126 2.099205753751881
127 0.9652616762391507
128 0.9652616762391507
129 0.9652616762391507
130 0.9652616762391507
131 1.4574888137510527
132 1.4574888137510527
133 1.4574888137510527
134 1.4574888137510527
135 0.1
136 0.1
137 0.1
138 0.1
139 0.9045303040804306
140 0.9045303040804306
141 0.9045303040804306
142 0.9045303040804306
143 1.6714518451159457
144 1.6714518451159457
145 1.6714518451159457
146 1.6714518451159457
147 2.3544867444373194
148 2.3544867444373194
149 2.3544867444373194
150 2.3544867444373194
151 1.6068687853134884
152 1.6068687853134884
153 1.6068687853134884
154 1.6068687853134884
155 1.676754802588618
156 1.676754802588618
157 0.1
158 0.1
159 0.1
160 0.1
161 0.5448659242384505
162 0.5448659242384505
163 0.5448659242384505
164 0.5448659242384505
165 1.2123486981858655
166 1.2123486981858655
167 1.2123486981858655
168 2.308160666568824
169 2.308160666568824
170 2.308160666568824
171 2.308160666568824
172 1.022525270564889
173 1.022525270564889
174 1.022525270564889
175 1.022525270564889
176 1.4818363174611398
177 1.4818363174611398
178 1.4818363174611398
179 1.4818363174611398
180 1.5953596956534883
181 1.5953596956534883
182 1.5953596956534883
183 1.5953596956534883
184 2.403062147713681
185 2.403062147713681
186 2.403062147713681
187 2.403062147713681
188 3.0603590595113825
189 3.0603590595113825
190 3.0603590595113825
191 3.0603590595113825
192 1.0560064592031124
193 1.0560064592031124
194 1.0560064592031124
195 1.0560064592031124
196 1.0989284320337047
197 1.0989284320337047
198 0.6652414882306723
199 0.6652414882306723
200 0.6652414882306723
201 0.6652414882306723
202 1.3659077330639529
203 1.3659077330639529
204 1.3659077330639529
205 1.3659077330639529
206 0.9451179620660877
207 0.9451179620660877
208 0.9451179620660877
209 0.9451179620660877
210 0.1
211 0.1
212 0.1
213 0.1
214 1.0269178575202917
215 1.0269178575202917
216 1.0269178575202917
217 1.0269178575202917
218 1.1462553118128223
219 1.1462553118128223
220 1.1462553118128223
221 1.1462553118128223
222 0.3022847604790143
223 0.3022847604790143
224 0.3022847604790143
225 0.3022847604790143
226 0.3793419182989173
227 0.3793419182989173
228 0.3793419182989173
229 0.3793419182989173
230 0.7702431474259992
231 0.7702431474259992
232 0.7702431474259992
233 0.7702431474259992
234 0.8157562523187365
235 0.8157562523187365
236 0.8157562523187365
237 0.8157562523187365
238 0.214496529822363
239 0.214496529822363
240 0.214496529822363
241 0.214496529822363
242 0.9248375705282795
243 0.9248375705282795
244 1.4961152290096278
245 1.4961152290096278
246 1.4961152290096278
247 1.4961152290096278
248 2.914176527175663
249 2.914176527175663
250 2.914176527175663
251 2.914176527175663
252 1.7223407674595794
253 1.7223407674595794
254 1.7223407674595794
255 1.7223407674595794
256 2.0170955456499153
257 2.0170955456499153
258 2.0170955456499153
259 2.0170955456499153
260 2.0673354694081807
261 0.6620175007879106
262 0.6620175007879106
263 0.6620175007879106
264 0.6620175007879106
265 0.21176012319595516
266 0.21176012319595516
267 0.21176012319595516
268 0.21176012319595516
269 1.4451351151179845
270 0.5971061517988598
271 0.5971061517988598
272 3.114090130169476
273 3.114090130169476
274 3.114090130169476
275 3.114090130169476
276 2.2120088690502824
277 2.2120088690502824
278 2.2120088690502824
279 2.2120088690502824
280 1.996751203770277
281 1.996751203770277
282 1.996751203770277
283 1.996751203770277
284 0.1
285 0.1
286 0.1
287 0.1
288 1.6425666492586706
289 1.6425666492586706
290 1.6425666492586706
291 1.6425666492586706
292 1.2553018006839733
293 1.5090261343578542
294 1.5090261343578542
295 1.5090261343578542
296 1.5090261343578542
297 1.9485676227356874
298 1.9485676227356874
299 1.9485676227356874
300 1.9485676227356874
301 2.3865041080708504
302 2.3865041080708504
303 2.3865041080708504
304 2.3865041080708504
305 1.1541332238662818
306 1.1541332238662818
307 1.1541332238662818
308 1.1541332238662818
309 2.134973364024575
310 2.134973364024575
311 2.134973364024575
312 2.134973364024575
313 1.3427840927121242
314 1.3427840927121242
315 1.3427840927121242
316 1.3427840927121242
317 0.2528526106740181
318 0.2528526106740181
319 0.2528526106740181
