0 0.2298336938867333
1 0.3400259466328019
2 0.22714864624717754
3 0.22714864624717754
4 0.3523412708400758
5 0.3523412708400758
6 0.5242854744804591
7 0.36326080347035433
8 0.3816396428811307
9 0.3816396428811307
10 0.39041867938684166
11 0.41496642548795803
12 0.261372475443623
13 0.3458745683433486
14 0.2830713888582804
15 0.3564546528445969
16 0.24158263019897144
17 0.35378833197894827
18 0.2922674051541529
19 0.22170015669841475
20 0.3601702619835829
21 0.42601922870137715
22 0.2442573564969546
23 0.37346865105337956
24 0.27150848824932966
25 0.29666393036674377
26 0.31533910385739666
27 0.21011100528253077
28 0.21011100528253077
29 0.25008360371041527
30 0.4164936439175308
31 0.4164936439175308
32 0.2495585313598178
33 0.197446061615124
34 0.3630541837233714
35 0.29660463202468124
36 0.4987647292871862
37 0.1938980882347299
38 0.3344719736231416
39 0.45558483381539955
40 0.26158579940217186
41 0.39565314635947585
42 0.24983909610852614
43 0.24983909610852614
44 0.17434528850419498
45 0.31648529250516644
46 0.31648529250516644
47 0.22981062090662632
48 0.32372706432333426
49 0.2955613104438809
50 0.40133703319208724
51 0.536696434889499
52 0.536696434889499
53 0.34051009899113205
54 0.18601005125819622
55 0.41392597738254383
56 0.2760488018718841
57 0.2760488018718841
58 0.231727456107951
59 0.3850119490741297
60 0.49878591021823837
61 0.26741554762465497
62 0.48180041380322336
63 0.24414527726249585
64 0.5368690983173741
65 0.27880148772315644
66 0.4568027077878861
67 0.39798577754020514
68 0.3271761469148886
69 0.19821487426907253
70 0.25818563574879844
71 0.38511685079646296
72 0.4667648702000762
73 0.2858000578900332
74 0.28808694292439546
75 0.4123858296794647
76 0.4674896873500455
77 0.2835294444772858
78 0.33116262820685716
79 0.35856503916542953
80 0.3841153732476959
81 0.25632292302923565
82 0.48421360180704526
83 0.19877750500335734
84 0.19632176799507375
85 0.44897653638351126
86 0.2616869129568164
87 0.2616869129568164
88 0.3760867018805103
89 0.303992770659856
90 0.303992770659856
91 0.47052311093307597
92 0.3840297603276608
93 0.22496820499801168
94 0.32422137537480544
95 0.2296558115486309
96 0.47744801452852076
97 0.2786073570517343
98 0.2786073570517343
99 0.4426377423636746
100 0.38325056327857615
101 0.49571905406308825
102 0.39656672555205075
103 0.2596769356500165
104 0.1723623127069684
105 0.4360544517012163
106 0.3179622064120819
107 0.377273939898631
108 0.25377148924550796
109 0.3127742163393703
110 0.25580615466351525
111 0.32255824559175106
112 0.5037163349711902
113 0.28740948719975273
114 0.339750924099758
115 0.339750924099758
116 0.41998589400668196
117 0.25363652600638364
118 0.27169541911977874
119 0.22438781749516362
120 0.34895703447572224
121 0.34895703447572224
122 0.2954206650871505
123 0.38437542897287497
124 0.25083042493498553
125 0.25083042493498553
126 0.269234367351213
127 0.4849679671149044
128 0.33664278465348385
129 0.40868950693310885
130 0.24583150619757296
131 0.33642388016997526
132 0.3949943398021614
133 0.3599431145063745
134 0.19322086205910427
135 0.19322086205910427
136 0.38758093672370697
137 0.33736172254503355
138 0.2920501893146848
139 0.25705291441816897
140 0.25705291441816897
141 0.368877333718149
142 0.5443206405228311
143 0.290607326378614
144 0.290607326378614
145 0.3827452886135768
146 0.34478488010327657
147 0.4538971226295552
148 0.4538971226295552
149 0.40792189014733504
150 0.2048325983364324
151 0.44465481499112763
152 0.44465481499112763
153 0.29116739283267457
154 0.4220784976684932
155 0.35306739042391644
156 0.3548696090459109
157 0.4145365051718955
158 0.32046971566191357
159 0.31289036585238883
160 0.4207804227466546
161 0.36601764490775823
162 0.17142623794040368
163 0.30107823591489036
164 0.34990292773958875
165 0.17978017125178425
166 0.46856822233915474
167 0.2616296877655434
168 0.4072528529733475
169 0.3029120058160723
170 0.3316061285840586
171 0.45274084221473854
172 0.3227460695066982
173 0.46067479488398777
174 0.27451035004743685
175 0.4255688066704358
176 0.4255688066704358
177 0.30146030068710356
178 0.27912730221659515
179 0.42512111449508116
180 0.3739626357050011
181 0.18856832841042634
182 0.30860229871124295
183 0.30860229871124295
184 0.38244352824863714
185 0.2248960324752768
186 0.2853453318858235
187 0.48856858852455143
188 0.4116595478518974
189 0.4116595478518974
190 0.45020164819888076
191 0.4593352935379446
192 0.4593352935379446
193 0.23622409298684965
194 0.4154971517074949
195 0.32551991617417336
196 0.2636475081411612
197 0.5039314995102275
198 0.37212147215161556
199 0.2680361616868976
200 0.3531907563865249
201 0.3531907563865249
202 0.45391800775553326
203 0.32186635931850727
204 0.5038883952947177
205 0.22727104068809328
206 0.46453440437935956
207 0.28099218656402447
208 0.4145510331136981
209 0.33864975554075993
210 0.33864975554075993
211 0.39575972520026986
212 0.2858470925707115
213 0.21012124436021068
214 0.2317885212869223
215 0.3687448292950384
216 0.34873531890584736
217 0.18659542383004507
218 0.3806989624711786
219 0.24790172251776083
220 0.24790172251776083
221 0.418616927367851
222 0.5013332436937552
223 0.4061592961142495
224 0.24013419429593158
225 0.4257216693132811
226 0.31153225409399266
227 0.31153225409399266
228 0.17243960950865217
229 0.19679624362500558
230 0.3235738929824671
231 0.24030994681811324
232 0.5334725946757135
233 0.5334725946757135
234 0.34498088690401113
235 0.22937819820085484
236 0.342112799703581
237 0.2605903056037465
238 0.5565275915688727
239 0.43866406477419617
240 0.356191380232299
241 0.22320313820657245
242 0.2876017382556148
243 0.1933918335907831
244 0.25964848496464144
245 0.25964848496464144
246 0.3158210936254486
247 0.3158210936254486
248 0.4963012267110008
249 0.25179670853585523
250 0.4867098351627328
251 0.4867098351627328
252 0.31668583324767385
253 0.29962848462371827
254 0.22498640937078834
255 0.22498640937078834
256 0.271561087206735
257 0.3907959769515821
258 0.3578166654106928
259 0.2820841090649648
260 0.3148080786173102
261 0.304689801899194
262 0.3772902485489301
263 0.3772902485489301
264 0.5083620829860006
265 0.4131432910645872
266 0.26666452855064093
267 0.27535445402034503
268 0.2909066390534311
269 0.4643397485964598
270 0.4180628310596397
271 0.2545569228424146
272 0.40337351902775587
273 0.40337351902775587
274 0.28923467254121904
275 0.29783718996243247
276 0.48188877161783145
277 0.23331306831437534
278 0.3813654609608754
279 0.3585695433883177
280 0.3585695433883177
281 0.2926189951426499
282 0.44999938611944335
283 0.20570792320061534
284 0.42794134487279856
285 0.42794134487279856
286 0.5019710367079441
287 0.27229363830687703
288 0.5210616724485558
289 0.2756239580178711
290 0.20696279502992646
291 0.3918633313724475
292 0.259567205641259
293 0.259567205641259
294 0.2617763001606071
295 0.43439558898263325
296 0.2940146297095308
297 0.4363704285022165
298 0.3772883041533098
299 0.3639151158433802
300 0.2632319767958196
301 0.30345315014050506
302 0.3191723714067656
303 0.2531520166370298
304 0.2531520166370298
305 0.1711568460306678
306 0.43289512268704367
307 0.2867938968264726
308 0.2867938968264726
309 0.3654731387528688
310 0.24824526542730527
311 0.3288054303104665
312 0.44623284229623084
313 0.2821718112275563
314 0.36226700300972137
315 0.36226700300972137
316 0.3749971516090772
317 0.3121537932289912
318 0.26477703392361085
319 0.3505424856288395
