0 0.5793656064968629
1 0.5793656064968629
2 0.1
3 0.1
4 0.449312421382046
5 0.449312421382046
6 1.4536995402122346
7 1.4536995402122346
8 1.0357421938933413
9 1.0357421938933413
10 0.6996292662611011
11 0.6996292662611011
12 0.4053691524525904
13 0.4053691524525904
14 0.4008407538714383
15 0.4008407538714383
16 0.2780058114696661
17 0.2780058114696661
18 0.5255532319250635
19 0.5255532319250635
20 0.5827883171088613
21 0.5312527340409207
22 0.9873359444677491
23 0.9873359444677491
24 1.438564284096867
25 1.438564284096867
26 1.2767975184221965
27 1.2767975184221965
28 0.1
29 0.1
30 1.0348734684001317
31 1.0348734684001317
32 1.2280289397708726
33 1.2280289397708726
34 0.44156616321187814
35 0.44156616321187814
36 1.2962546075659227
37 1.2962546075659227
38 1.0180503680660022
39 1.0180503680660022
40 1.8946464854458482
41 1.8946464854458482
42 0.99727524995553
43 0.920577143633406
44 0.920577143633406
45 1.6860364347093442
46 1.6860364347093442
47 1.2533482920721712
48 1.2533482920721712
49 0.1
50 0.1
51 1.1047738848856588
52 1.1047738848856588
53 1.3510453282955148
54 1.3510453282955148
55 0.22506068060464568
56 0.22506068060464568
57 0.4663735010434593
58 0.4663735010434593
59 1.5078395947188004
60 1.5078395947188004
61 1.6782581300835235
62 1.6782581300835235
63 0.9735273661970754
64 1.066885855103448
65 1.066885855103448
66 1.0842613636527219
67 1.0842613636527219
68 1.205579973547466
69 1.205579973547466
70 1.1008552521238542
71 1.0744179427603133
72 1.0744179427603133
73 0.781191823378198
74 0.781191823378198
75 0.9174557250030729
76 0.9174557250030729
77 1.2603655924251367
78 1.2603655924251367
79 0.4910604353480798
80 0.4910604353480798
81 0.3308499492578645
82 0.3308499492578645
83 0.6431213325432541
84 0.6431213325432541
85 0.9296227629686503
86 0.9296227629686503
87 0.48375148383015465
88 0.48375148383015465
89 0.3238261690531111
90 0.5224448091166071
91 0.5224448091166071
92 0.6955338726712073
93 0.6955338726712073
94 0.6481763559613324
95 0.6481763559613324
96 1.7347836618088697
97 1.7347836618088697
98 0.1
99 0.1
100 0.22811830260732202
101 0.22811830260732202
102 1.2012083697293618
103 1.2012083697293618
104 0.6353864067924575
105 0.6353864067924575
106 1.0158605951230177
107 1.0158605951230177
108 1.2627942336902098
109 1.2627942336902098
110 1.6659662181192247
111 1.6659662181192247
112 1.2824449240325226
113 1.2824449240325226
114 0.7120114625916749
115 0.7120114625916749
116 0.769984791260078
117 0.769984791260078
118 0.3045110330869175
119 0.3045110330869175
120 0.8855410892423626
121 0.44753825501215616
122 0.44753825501215616
123 1.1457888738173492
124 1.4242475776407066
125 1.4242475776407066
126 1.2452147167428333
127 1.2452147167428333
128 1.1943681680984966
129 1.1943681680984966
130 0.977521932241268
131 0.977521932241268
132 1.4900530747292384
133 1.6047046775378315
134 1.6047046775378315
135 1.1050076126654198
136 1.1050076126654198
137 0.6839215350183281
138 0.6839215350183281
139 1.0413833201829208
140 1.0413833201829208
141 1.63915773599754
142 1.63915773599754
143 1.318456780894313
144 1.318456780894313
145 2.202952065675126
146 2.202952065675126
147 1.1524176655697176
148 1.2830689694743658
149 0.9188197661009226
150 0.7509959722210096
151 0.7509959722210096
152 0.8656121277880261
153 0.8656121277880261
154 1.1453557250812865
155 1.1453557250812865
156 1.3925012106955637
157 1.3925012106955637
158 1.5493194925644866
159 1.5493194925644866
160 1.8860837331962075
161 1.8860837331962075
162 1.1149620672919456
163 1.1149620672919456
164 2.1352263154124
165 2.1352263154124
166 0.12771798664870815
167 0.12771798664870815
168 0.7673541748994838
169 0.7673541748994838
170 1.1891961818673773
171 1.1891961818673773
172 0.7284232101918582
173 0.7284232101918582
174 1.2893675572716725
175 1.2893675572716725
176 1.586205295900795
177 1.586205295900795
178 0.6949728519175538
179 0.6949728519175538
180 1.2856352802628446
181 1.2856352802628446
182 1.7884154320159982
183 1.7884154320159982
184 0.882110962191572
185 0.882110962191572
186 1.1098597976723223
187 1.1098597976723223
188 1.48338839569083
189 1.48338839569083
190 1.4335229367220994
191 1.4335229367220994
192 0.9935356712973131
193 0.9935356712973131
194 0.1
195 0.1
196 0.4287492125309508
197 0.4287492125309508
198 1.318969722210229
199 1.318969722210229
200 1.5753504846603592
201 1.5753504846603592
202 0.4523856502570097
203 0.4523856502570097
204 0.8944957955203356
205 0.8944957955203356
206 2.024402200365267
207 2.024402200365267
208 0.9932571295338715
209 0.9932571295338715
210 1.2507379536305865
211 1.834643925138908
212 1.834643925138908
213 1.6238405116768588
214 1.6238405116768588
215 0.4859797286362689
216 0.4859797286362689
217 1.2531103939929058
218 1.2531103939929058
219 2.066278703124543
220 2.066278703124543
221 0.9355534387188256
222 0.9355534387188256
223 0.681039108110999
224 0.681039108110999
225 1.389953328648669
226 1.389953328648669
227 1.0738650608398086
228 1.0738650608398086
229 0.37896047780750874
230 0.37896047780750874
231 0.5017767853145749
232 0.5017767853145749
233 1.0725278816605148
234 1.0725278816605148
235 0.5741556076550798
236 0.5741556076550798
237 1.0092324989852661
238 1.0092324989852661
239 1.069009393112208
240 1.069009393112208
241 0.8128759905354715
242 0.8128759905354715
243 1.4048539090558632
244 1.4048539090558632
245 0.9088394786376826
246 0.9088394786376826
247 0.6959620539968475
248 0.6959620539968475
249 0.4990411525183355
250 0.4990411525183355
251 0.6099269516240455
252 0.6099269516240455
253 0.665720620812403
254 0.665720620812403
255 1.1514288292247308
256 1.1514288292247308
257 0.1
258 0.1
259 0.3339370388095709
260 0.3339370388095709
261 1.269138908857463
262 1.269138908857463
263 1.660300177011111
264 1.660300177011111
265 1.6963780065334233
266 1.6963780065334233
267 1.45411654082471
268 1.45411654082471
269 0.28891532889221183
270 0.28891532889221183
271 0.5865758355033674
272 0.5865758355033674
273 0.9945482047601047
274 0.9945482047601047
275 0.5845483172900461
276 0.5845483172900461
277 1.1750608375708755
278 1.1750608375708755
279 1.3976387511090544
280 1.3976387511090544
281 1.0582732605462717
282 1.0582732605462717
283 1.4859942283819403
284 1.4859942283819403
285 0.5816257471620144
286 0.5816257471620144
287 1.1806802517330266
288 1.1806802517330266
289 1.4741793329236952
290 1.4741793329236952
291 0.9431602339403856
292 0.9431602339403856
293 0.9446708023970729
294 0.9446708023970729
295 0.8779359075408623
296 0.8779359075408623
297 1.4267661071211886
298 1.4267661071211886
299 0.6813107469266535
300 0.6813107469266535
301 0.5278945165113376
302 0.5278945165113376
303 1.2077572921365192
304 1.2077572921365192
305 0.1
306 0.1
307 0.7496784155213233
308 0.7496784155213233
309 0.755964298434313
310 0.755964298434313
311 0.6996769716967193
312 0.6996769716967193
313 0.4440710997735574
314 0.4440710997735574
315 0.8045632944120538
316 0.8045632944120538
317 0.41545105347758193
318 0.41545105347758193
319 0.8978495629921348
