0 4.8456104071984205
1 4.378399704894868
2 5.093790727365294
3 4.2287964992224225
4 4.350865069092045
5 5.278932478931734
6 4.713147804993329
7 4.749013148418635
8 4.854900092916287
9 4.07246598923733
10 4.5475157287263315
11 4.499926524406381
12 5.171909994061995
13 4.744231645969901
14 4.378503947961878
15 5.121396259103817
16 5.23780336881082
17 5.1683008544528874
18 4.941233500707142
19 4.8063945829817065
20 4.735863655628341
21 4.517610536625148
22 4.7400823448222535
23 4.783253665178276
24 5.278744264010174
25 4.707981589255057
26 5.74581324236188
27 4.902536916446509
28 5.146754552913715
29 5.704118574126797
30 4.809147665372854
31 5.02539037541072
32 5.565386975330106
33 4.88744109779224
34 4.552477959180373
35 5.075474401936897
36 4.89533265966766
37 5.096142659771497
38 5.030887813336543
39 4.999868594001313
40 5.470080521114134
41 3.6681870384387927
42 4.7906644087415655
43 4.594367400895814
44 4.6596941198936666
45 4.711017889413444
46 5.204623358726452
47 5.664454054049006
48 4.5335644513732145
49 4.29739478260403
50 4.049453371775483
51 4.364019228061293
52 4.975131078692454
53 5.341888993485708
54 4.664103276174312
55 5.469698163294132
56 4.349663073581866
57 4.969004455945286
58 4.720695871698592
59 4.505568226774413
60 3.7853692293354393
61 3.8486076378382426
62 4.048290929776445
63 4.739875874375899
64 4.430344683747813
65 4.773160484565464
66 4.736815589860413
67 4.556642871318349
68 4.671775972859936
69 5.267286991542803
70 4.8613674329510035
71 4.860065006104379
72 4.973271813212694
73 4.850742689735366
74 4.235470599689102
75 4.59755680876729
76 4.519892783785349
77 4.664272759480923
78 4.804531861367843
79 4.995555037125746
80 4.55963734624826
81 4.800696060605779
82 4.3980139414182355
83 4.913661444462885
84 5.106480703924058
85 4.560514405851626
86 5.053723293362908
87 3.9502837672155664
88 4.587703833059537
89 5.259342047258176
90 5.152311206678883
91 5.351942233947298
92 4.750054798535998
93 5.395472278656766
94 5.628677782167158
95 4.621487638739344
96 4.611588841146851
97 5.106149432019758
98 5.624359204671216
99 4.843282496255122
100 5.4427641256568045
101 3.7533186051101985
102 4.226813418647688
103 4.155867658221873
104 4.092025800345711
105 4.224588273835566
106 4.748948123121341
107 5.05034626404691
108 4.217288973508813
109 4.536981735990456
110 5.480962581656895
111 5.127646524077474
112 4.785116672461548
113 5.93510837547104
114 4.291118783211647
115 5.328013906642508
116 4.692330645999906
117 4.989747942747304
118 5.0376524770434035
119 4.146964375785215
120 4.744533600652114
121 5.267177976173209
122 5.18079699656005
123 5.77655226312824
124 4.088437682635914
125 4.950507474272168
126 4.181968794320814
127 5.07367338091073
128 4.558808191618564
129 5.5169804456498
130 3.731415353851477
131 4.285178529732246
132 5.637603143114298
133 4.587665457400304
134 3.5771137870159153
135 4.578385012069076
136 4.31804983158041
137 4.6959306904796065
138 4.767799351867833
139 3.7368723406347293
140 4.413574881566274
141 4.90483123044789
142 4.844272150327181
143 4.367732730679778
144 4.786533311492751
145 4.914219509832045
146 4.586257176652179
147 5.708962016862432
148 4.805794296897031
149 5.219887420768656
150 5.092547678015622
151 5.302892693094799
152 4.918658837525065
153 5.211449499463736
154 4.513630193033762
155 5.2061133587603665
156 4.614805723967922
157 5.200178530718964
158 4.764751228340031
159 5.128999715993955
160 4.6534829686708825
161 4.650325699144855
162 4.862361791436689
163 4.423178519095297
164 5.218884497888262
165 4.29112430761024
166 4.066369219421041
167 4.702030379509501
168 4.891231755738393
169 4.264940960626684
170 4.901206143079527
171 5.302782606362523
172 5.128424404432629
173 5.702932921508927
174 4.9940666625377235
175 4.853410060098782
176 4.784881462654328
177 5.077259482240958
178 4.023085025047537
179 3.572734539862834
180 5.048665772740733
181 4.625707774497247
182 4.63456094481005
183 4.4827998017979445
184 4.38311278470613
185 4.541572049897733
186 4.980859645571721
187 5.23205257375308
188 4.720863730142463
189 4.692117543401457
190 4.028795998949224
191 4.689513492454456
192 4.773687602651799
193 4.877974320004392
194 5.088244584786395
195 5.273690727830308
196 5.2859837809532175
197 5.054356428990536
198 4.180726339939488
199 5.268144459394385
200 5.024132749296488
201 3.876951683197519
202 4.861134951459554
203 4.665210196066359
204 4.9471706330039735
205 4.3850181424616546
206 4.441659945910444
207 4.7491967514345035
208 5.330152562952137
209 4.187207862664527
210 5.1976704975033545
211 4.8615728929121
212 5.244656477066562
213 4.55190344240446
214 4.519965724287792
215 4.965507585830902
216 5.266866927213727
217 5.057435912702489
218 4.073393799420576
219 5.017478715679762
220 4.669588934653008
221 4.634929462374357
222 5.588626179150298
223 4.5447210801012075
224 5.261978683144257
225 4.0261432206615835
226 4.238655280472483
227 4.312269479827727
228 4.507911308556159
229 4.330578529041791
230 4.326929342114359
231 4.837738189448685
232 4.102987887746453
233 4.912913162119156
234 4.383137043964074
235 4.135935717674392
236 4.463602734152243
237 4.440202977605309
238 4.660697709458463
239 4.253289334115112
240 4.362045588426944
241 5.554139252552497
242 5.4453730356834
243 5.138677018205646
244 5.083680846834725
245 3.6782922990470395
246 4.298065589335113
247 5.284841396544973
248 4.317830519002131
249 5.229988840385557
250 4.883349166971236
251 3.9684347661569106
252 4.858594375548966
253 5.251742353793113
254 4.055855001434281
255 5.38610616890261
256 4.854386067811341
257 4.119130661225048
258 5.052561215495757
259 4.645081737533023
260 4.716354309181829
261 4.836848787495159
262 4.9277661925013145
263 4.57222495189177
264 4.202277923004992
265 4.250604187685996
266 4.693899485807185
267 4.215741596554924
268 4.76619508890257
269 5.006984181182111
270 4.174748586599698
271 4.3259988845383495
272 4.660217632602177
273 5.46438489494326
274 4.76691569644744
275 5.445372824529375
276 5.154929399027544
277 4.745530141951486
278 4.878089412279225
279 4.709123063888411
280 3.505818760789497
281 4.042585098965269
282 4.179722190447189
283 4.874375241380972
284 5.423749667606637
285 4.492536385649697
286 4.784715257980363
287 5.171141123589222
288 4.721452526617214
289 5.059427820892804
290 4.730299376040679
291 5.268617721699038
292 4.562442106388641
293 4.12006439351706
294 5.432909485534578
295 5.000541901829274
296 5.123658410664664
297 6.277613206802303
298 4.837866384606009
299 5.116385861252696
300 4.679686950708229
301 4.494181106408761
302 5.254045656777942
303 5.145356331948913
304 4.656739598790075
305 5.110655065937817
306 5.244182468238199
307 4.42971925883208
308 4.509242465324513
309 4.65482419877361
310 5.1895251461037715
311 4.911896524687518
312 5.451919446745083
313 4.021981510000503
314 4.480495843740914
315 4.391309182035323
316 4.336311245248694
317 4.375344623641378
318 3.8026419927212194
319 4.15804124124008
