0 1.0528689591977658
1 1.0528689591977658
2 1.0528689591977658
3 1.0528689591977658
4 2.366783704116514
5 2.2155928119967916
6 2.4499679026955272
7 2.4499679026955272
8 2.4499679026955272
9 1.3633184715929347
10 1.3633184715929347
11 2.310878890274137
12 2.310878890274137
13 2.310878890274137
14 2.310878890274137
15 1.1199944385439198
16 1.1199944385439198
17 0.7824224775098673
18 1.7608434518172482
19 0.49188053419780653
20 0.49188053419780653
21 0.49188053419780653
22 0.49188053419780653
23 1.1533501519663023
24 1.1533501519663023
25 1.1533501519663023
26 1.1533501519663023
27 1.3275199308015582
28 1.666343011675419
29 1.666343011675419
30 1.666343011675419
31 1.666343011675419
32 1.4422703297940314
33 0.42757819938492725
34 2.7573530143393827
35 2.7573530143393827
36 2.7573530143393827
37 2.7573530143393827
38 1.0914701669578328
39 1.0914701669578328
40 0.1
41 0.1
42 0.1
43 0.1
44 0.32769761300942346
45 0.32769761300942346
46 0.32769761300942346
47 0.32769761300942346
48 2.2604481965122645
49 1.7481678816988622
50 1.859958681650939
51 1.859958681650939
52 1.859958681650939
53 1.859958681650939
54 1.3001435735319316
55 1.3001435735319316
56 1.3001435735319316
57 1.3001435735319316
58 1.6197671256907413
59 1.6197671256907413
60 1.7609682590058064
61 0.9827876441476557
62 0.9827876441476557
63 0.9827876441476557
64 0.9827876441476557
65 1.1314016926262642
66 0.7181169076100712
67 0.7181169076100712
68 0.7181169076100712
69 0.7181169076100712
70 0.8145040346543853
71 0.8145040346543853
72 1.7877237477038022
73 1.7877237477038022
74 1.7877237477038022
75 1.7877237477038022
76 1.2458447475399201
77 1.2458447475399201
78 1.2458447475399201
79 1.2458447475399201
80 1.5706363606737963
81 1.3723373226889852
82 1.3723373226889852
83 1.0528567486805613
84 0.2935435830037547
85 0.2935435830037547
86 0.2935435830037547
87 0.2935435830037547
88 2.0746547565166367
89 2.0746547565166367
90 2.0746547565166367
91 2.0746547565166367
92 0.7553708325035915
93 0.7553708325035915
94 1.0414592435651688
95 1.0414592435651688
96 1.0414592435651688
97 1.2059671816645428
98 1.2059671816645428
99 1.2059671816645428
100 1.2059671816645428
101 1.8522188965479058
102 1.8522188965479058
103 1.8522188965479058
104 1.8522188965479058
105 0.1
106 1.3613181087867605
107 1.7880770865457443
108 1.7880770865457443
109 1.7880770865457443
110 1.7880770865457443
111 1.9259607037872837
112 1.9259607037872837
113 1.9259607037872837
114 1.9259607037872837
115 2.8719896648293064
116 2.8719896648293064
117 2.8719896648293064
118 1.1941555806317967
119 1.2598230948502167
120 1.2598230948502167
121 1.2598230948502167
122 1.2598230948502167
123 0.8323127242774105
124 0.8323127242774105
125 0.8323127242774105
126 0.8323127242774105
127 1.4702005683236785
128 1.4702005683236785
129 1.8569976971645845
130 1.8569976971645845
131 1.8569976971645845
132 1.8569976971645845
133 0.8709744525856231
134 0.8709744525856231
135 0.8709744525856231
136 0.8709744525856231
137 1.8471498086762859
138 1.8471498086762859
139 1.8471498086762859
140 1.8471498086762859
141 1.4210114915498957
142 1.4210114915498957
143 1.4210114915498957
144 1.4210114915498957
145 2.2670674909595245
146 1.7857398800162914
147 1.7857398800162914
148 1.7857398800162914
149 1.7857398800162914
150 1.2698589241912062
151 1.2698589241912062
152 2.081543912735893
153 2.081543912735893
154 2.081543912735893
155 2.081543912735893
156 0.5024967174863114
157 0.5024967174863114
158 0.5024967174863114
159 0.5024967174863114
160 0.28959922283946526
161 0.28959922283946526
162 0.28959922283946526
163 2.3683796572577456
164 2.3683796572577456
165 2.3683796572577456
166 2.3683796572577456
167 1.1288337740883088
168 1.1288337740883088
169 2.676680818458142
170 3.3226551827299984
171 3.3226551827299984
172 3.3226551827299984
173 3.3226551827299984
174 1.9026641188185862
175 1.9026641188185862
176 1.9026641188185862
177 1.8202481781116941
178 2.5195598260301284
179 2.5195598260301284
180 2.5195598260301284
181 2.5195598260301284
182 0.8561869175937097
183 2.0591379326752626
184 2.0591379326752626
185 0.9569822434059265
186 0.9569822434059265
187 0.9569822434059265
188 0.9569822434059265
189 1.4021114647382569
190 1.4021114647382569
191 1.3046953021840633
192 0.8079030970027423
193 0.8079030970027423
194 0.8079030970027423
195 0.8079030970027423
196 1.868816999693515
197 1.868816999693515
198 1.868816999693515
199 1.868816999693515
200 1.0441981832926437
201 1.0441981832926437
202 1.0441981832926437
203 1.0441981832926437
204 1.4497195356305084
205 1.4497195356305084
206 1.4497195356305084
207 2.3591491989700484
208 0.1755218323774257
209 0.1755218323774257
210 0.1755218323774257
211 0.1755218323774257
212 0.8843143896020842
213 0.8843143896020842
214 0.8843143896020842
215 0.8843143896020842
216 1.101313386339064
217 1.101313386339064
218 1.101313386339064
219 1.101313386339064
220 0.1
221 0.1
222 0.1
223 0.1
224 0.1
225 0.1
226 0.1
227 0.1
228 1.4150622811763456
229 1.4150622811763456
230 1.4150622811763456
231 1.4150622811763456
232 1.3195826150070258
233 1.7827306831842393
234 1.7827306831842393
235 1.7827306831842393
236 1.7827306831842393
237 0.32940321196893585
238 0.32940321196893585
239 0.32940321196893585
240 0.32940321196893585
241 1.7319371958932939
242 1.7319371958932939
243 1.7319371958932939
244 1.7319371958932939
245 1.0434859899728814
246 1.0434859899728814
247 1.0434859899728814
248 1.0434859899728814
249 1.406302212978294
250 1.406302212978294
251 0.2997485457567617
252 0.2997485457567617
253 0.2997485457567617
254 0.2997485457567617
255 0.3252295947762609
256 0.3252295947762609
257 0.3252295947762609
258 0.3252295947762609
259 1.1424658846670515
260 1.1424658846670515
261 1.1424658846670515
262 1.1424658846670515
263 1.6502695683370936
264 0.46637535746995895
265 0.46637535746995895
266 0.46637535746995895
267 0.5296313651643475
268 0.8962504517278592
269 0.8962504517278592
270 0.8962504517278592
271 0.8962504517278592
272 1.6357231345989178
273 1.6357231345989178
274 1.6357231345989178
275 1.6357231345989178
276 0.5144848423898152
277 0.5144848423898152
278 0.5144848423898152
279 0.5144848423898152
280 1.704397925772478
281 0.5094974678860699
282 0.5094974678860699
283 1.43221126948495
284 0.9611346706168309
285 0.9611346706168309
286 0.9611346706168309
287 0.9611346706168309
288 1.0121706233279495
289 0.7257473000155015
290 0.9672606791194541
291 0.9672606791194541
292 0.9672606791194541
293 0.9672606791194541
294 1.3547316781586387
295 1.3547316781586387
296 1.3547316781586387
297 1.3547316781586387
298 1.0344824391487775
299 1.9285208783712329
300 1.9285208783712329
301 1.7996338128471083
302 1.7996338128471083
303 1.7996338128471083
304 1.7996338128471083
305 0.37963340273107105
306 0.37963340273107105
307 0.37963340273107105
308 0.37963340273107105
309 1.0574937615878894
310 1.0574937615878894
311 1.0574937615878894
312 1.0574937615878894
313 2.494685089402868
314 2.494685089402868
315 2.494685089402868
316 2.494685089402868
317 1.4273426332618688
318 0.1
319 2.099504408988998
