0 3.1997170784447
1 3.170891126470766
2 3.170891126470766
3 3.170891126470766
4 3.170891126470766
5 6.670343830021586
6 6.670343830021586
7 6.670343830021586
8 6.670343830021586
9 7.101837406283526
10 7.101837406283526
11 7.101837406283526
12 7.101837406283526
13 2.072149230770949
14 2.072149230770949
15 2.072149230770949
16 2.072149230770949
17 3.726927527144455
18 3.726927527144455
19 3.726927527144455
20 3.726927527144455
21 4.954570392688606
22 4.954570392688606
23 4.954570392688606
24 4.954570392688606
25 1.4405294903459969
26 1.4405294903459969
27 2.4575334531253006
28 2.4575334531253006
29 2.4575334531253006
30 2.4575334531253006
31 0.7946429998035871
32 4.079861340092856
33 4.079861340092856
34 3.425480323204525
35 3.425480323204525
36 3.425480323204525
37 1.2846253965287717
38 1.2846253965287717
39 1.2846253965287717
40 1.2846253965287717
41 2.1034777901801918
42 2.1034777901801918
43 4.5106446611266175
44 4.5106446611266175
45 4.5106446611266175
46 4.5106446611266175
47 2.9545049675028667
48 2.9545049675028667
49 2.9545049675028667
50 4.486786532545985
51 4.486786532545985
52 4.486786532545985
53 4.486786532545985
54 5.114227014368892
55 5.114227014368892
56 5.114227014368892
57 3.726992713001377
58 3.726992713001377
59 3.726992713001377
60 3.726992713001377
61 5.153744728917161
62 5.153744728917161
63 5.153744728917161
64 4.172180609990159
65 4.172180609990159
66 4.013840616178671
67 4.013840616178671
68 4.013840616178671
69 3.228144649554616
70 3.228144649554616
71 3.228144649554616
72 3.228144649554616
73 2.9987079410624395
74 2.9987079410624395
75 0.9320661454829569
76 0.9320661454829569
77 0.9320661454829569
78 0.9320661454829569
79 2.9200467279804667
80 2.9200467279804667
81 2.9200467279804667
82 2.9200467279804667
83 7.171315996274094
84 7.171315996274094
85 7.171315996274094
86 7.171315996274094
87 0.1
88 0.1
89 0.1
90 0.1
91 2.0791973357021285
92 2.0791973357021285
93 2.0791973357021285
94 2.0791973357021285
95 2.8430250418278753
96 2.8430250418278753
97 2.8430250418278753
98 2.8430250418278753
99 2.4309983077893067
100 2.4309983077893067
101 2.4309983077893067
102 3.1496753072127497
103 3.1496753072127497
104 3.1496753072127497
105 3.1496753072127497
106 4.062467522834704
107 1.2504324916948808
108 1.2504324916948808
109 1.2504324916948808
110 1.2504324916948808
111 5.94735606347937
112 5.94735606347937
113 5.94735606347937
114 5.94735606347937
115 1.1788081279435385
116 1.1788081279435385
117 1.1788081279435385
118 1.1788081279435385
119 1.608632281560761
120 1.608632281560761
121 1.608632281560761
122 1.608632281560761
123 2.9833530980257175
124 2.9833530980257175
125 2.9833530980257175
126 4.1601998301856415
127 4.1601998301856415
128 4.1601998301856415
129 4.1601998301856415
130 6.463488565446198
131 6.463488565446198
132 6.463488565446198
133 6.463488565446198
134 3.4484141302180964
135 2.0333504957579853
136 2.0333504957579853
137 2.0333504957579853
138 2.0333504957579853
139 0.1
140 0.1
141 0.1
142 0.1
143 6.162901584424169
144 2.8357990622789657
145 2.8357990622789657
146 2.8357990622789657
147 2.8357990622789657
148 1.294498995538292
149 1.425699419659347
150 1.425699419659347
151 1.425699419659347
152 1.425699419659347
153 2.6440574030297666
154 2.6440574030297666
155 1.488355361737974
156 1.488355361737974
157 1.488355361737974
158 1.488355361737974
159 1.3201158496921346
160 1.3201158496921346
161 1.3201158496921346
162 0.7402282869588546
163 0.7402282869588546
164 0.7402282869588546
165 0.7402282869588546
166 2.250479381391717
167 2.250479381391717
168 2.250479381391717
169 5.761966612307189
170 5.761966612307189
171 5.761966612307189
172 5.761966612307189
173 1.7891703286531455
174 1.7891703286531455
175 3.3922325767038424
176 3.3922325767038424
177 3.3922325767038424
178 3.3922325767038424
179 2.1055346549183698
180 2.1055346549183698
181 2.1055346549183698
182 2.9873099013197186
183 8.786484082182385
184 8.786484082182385
185 5.0456211112721085
186 0.9744738896427543
187 0.9744738896427543
188 4.407547908456622
189 4.407547908456622
190 4.407547908456622
191 4.407547908456622
192 2.2563831124675686
193 2.2563831124675686
194 6.767736263688941
195 6.767736263688941
196 6.767736263688941
197 6.767736263688941
198 2.701419637101001
199 1.5560096980991012
200 1.5560096980991012
201 1.5560096980991012
202 1.5560096980991012
203 2.319434921256975
204 2.319434921256975
205 3.682323528407248
206 3.682323528407248
207 3.682323528407248
208 2.867199942840159
209 2.867199942840159
210 2.867199942840159
211 2.867199942840159
212 1.1776336013400348
213 1.1776336013400348
214 1.1776336013400348
215 1.1776336013400348
216 2.3539868481587733
217 2.3539868481587733
218 2.3539868481587733
219 2.3539868481587733
220 0.9992619075261466
221 0.9992619075261466
222 3.3603718813921812
223 1.4408947585012983
224 1.4408947585012983
225 1.4408947585012983
226 1.4408947585012983
227 2.0633826494633722
228 2.0633826494633722
229 1.611971515504179
230 1.611971515504179
231 1.611971515504179
232 1.611971515504179
233 1.2498272587838934
234 1.2498272587838934
235 4.061824650317916
236 0.1
237 0.1
238 0.1
239 0.1
240 5.433379540543195
241 5.15088128572141
242 0.9339512788469433
243 0.9339512788469433
244 0.9339512788469433
245 5.5134838074948975
246 5.5134838074948975
247 5.5134838074948975
248 5.525938852215518
249 5.525938852215518
250 5.525938852215518
251 5.525938852215518
252 1.751705414437858
253 1.751705414437858
254 1.751705414437858
255 1.751705414437858
256 1.2064831843962074
257 1.2064831843962074
258 1.2064831843962074
259 1.2064831843962074
260 3.4419045112536715
261 3.4419045112536715
262 5.487858906616641
263 5.487858906616641
264 5.487858906616641
265 3.07227973595821
266 3.07227973595821
267 5.016384484776851
268 5.016384484776851
269 5.016384484776851
270 2.2153244092727076
271 2.2153244092727076
272 2.2153244092727076
273 2.2153244092727076
274 1.2577495768179565
275 1.2577495768179565
276 1.2577495768179565
277 1.2577495768179565
278 2.2137536165388245
279 2.2137536165388245
280 2.2137536165388245
281 2.2137536165388245
282 1.8208765403434477
283 1.8208765403434477
284 1.8208765403434477
285 1.8208765403434477
286 4.407366770726609
287 4.407366770726609
288 4.407366770726609
289 4.407366770726609
290 1.9202622255334745
291 6.636770909899976
292 6.636770909899976
293 6.636770909899976
294 6.636770909899976
295 5.8836185007774375
296 5.8836185007774375
297 5.8836185007774375
298 5.8836185007774375
299 1.0454115443565297
300 1.0454115443565297
301 1.3498387870586956
302 1.3498387870586956
303 1.3498387870586956
304 1.3498387870586956
305 0.369596067645801
306 0.369596067645801
307 0.369596067645801
308 0.369596067645801
309 4.883487973962364
310 4.883487973962364
311 4.883487973962364
312 4.883487973962364
313 2.589631406392132
314 2.589631406392132
315 2.589631406392132
316 5.821014620035962
317 5.821014620035962
318 5.821014620035962
319 2.5726734313300716
