0 0.32545633093378806
1 0.2978216066109208
2 0.1
3 0.3465778651772885
4 0.1
5 0.13792014685485876
6 0.4439696482111857
7 0.19143030178921114
8 0.4924977480980346
9 0.31621669182748113
10 0.1869249115815641
11 0.24942633584143517
12 0.13286745371775757
13 0.6014615815033593
14 0.33611424876351637
15 0.5479343340120308
16 0.16457361488986655
17 0.5464369840887809
18 0.15330081512855145
19 0.6096438722393942
20 0.25290824627581404
21 0.2474710641296326
22 0.498089026619666
23 0.1211693138170194
24 0.32378344351028127
25 0.3713730555566248
26 0.5183987250152864
27 0.3681853131872073
28 0.6496591507606866
29 0.9852374129214887
30 0.31910484019494717
31 0.37708542756379543
32 0.6119402680788852
33 0.26158426213895913
34 0.6230475702608922
35 0.6258917204296368
36 0.4776781052445256
37 0.6951677337981773
38 0.7464839300865878
39 0.5928299681270903
40 0.7007253347508198
41 0.5446201133823819
42 0.47306485462093206
43 1.1151606298791639
44 0.47052798852765365
45 0.4287346882173881
46 0.522309340699916
47 0.1
48 0.6580403191854097
49 0.5671461498073552
50 0.5798207944628255
51 0.36264555905333323
52 0.5110542323174821
53 0.1323867809059152
54 0.5433847658262272
55 0.43666397587964556
56 0.20486321959194193
57 0.6120893765085603
58 0.5885144913401026
59 0.3152165531447859
60 0.3186878610420122
61 0.41296692430486154
62 0.23495928670514674
63 0.35609749120339723
64 0.3768260957450687
65 0.26965543481276655
66 0.1684991262589211
67 0.25305728984471443
68 0.29646174319648877
69 0.11087606201707961
70 0.1
71 0.27917781741721426
72 0.1
73 0.14631737513966928
74 0.11740796003573957
75 0.24757331543426084
76 0.17592255157430614
77 0.17829092280615402
78 0.35075249345130843
79 0.12299594435394076
80 0.25250381808869415
81 0.23074004400954579
82 0.1
83 0.2641287090591803
84 0.2743713581792876
85 0.18497127978232938
86 0.3415430907152779
87 0.17483225983179587
88 0.17541547110251499
89 0.3531817429322476
90 0.21173258984091964
91 0.35145732441942495
92 0.1
93 0.15094091748237937
94 0.16487473422763377
95 0.1
96 0.2487292839906382
97 0.10067081320845017
98 0.2428209143768122
99 0.1
100 0.19926960799690574
101 0.1
102 0.4524719475344802
103 0.1
104 0.1
105 0.2784288537318703
106 0.256431574452663
107 0.19087318432289146
108 0.1954200244388922
109 0.19220941274346157
110 0.1
111 0.4720286390126322
112 0.3354731395930851
113 0.2486413103852686
114 0.3081051077982936
115 0.4364891646788943
116 0.1623966452387622
117 0.5672435556363238
118 0.3474479378753402
119 0.4628006273742381
120 0.18284060171506467
121 0.6259360161161537
122 0.3284633810182759
123 0.4826338861598565
124 0.42452374837541995
125 0.2029151088817262
126 0.49317248358537547
127 0.8372983544019191
128 0.1
129 0.27142672011680147
130 0.2101541242906496
131 0.7680823916573817
132 0.22970192626323327
133 0.6224316172736983
134 0.4676926201597481
135 0.5316897998808937
136 0.18106450000643048
137 0.1
138 0.30224716417041625
139 0.3882767145063097
140 0.33391892240454596
141 0.1
142 0.5664077868052901
143 0.3586107457697497
144 0.4285240678901342
145 0.41111056834059356
146 0.36054942717222105
147 0.19179222228800885
148 0.13457370020224407
149 0.24911952190349973
150 0.1846653901242841
151 0.24932436729828925
152 0.18947243284854107
153 0.41149595006368533
154 0.6303314124285978
155 0.4369626694009845
156 0.43879737380141515
157 0.8043385946291614
158 0.3391344944833564
159 0.23971537636282456
160 0.1
161 0.18258636393761543
162 0.2658145878992443
163 0.564638596947566
164 0.2936430700836024
165 0.3474866137133006
166 0.4555236758883733
167 0.22578757792374227
168 0.3806776678882641
169 0.36293639761304336
170 0.30447731387729726
171 0.2783171398603933
172 0.41701286497653733
173 0.17847779108156073
174 0.21772007498853013
175 0.1330526576235223
176 0.4465451204738531
177 0.5367209178086056
178 0.1630841445427763
179 0.22860440630035037
180 0.6251065107394584
181 0.3822116335133791
182 0.8041291623994276
183 0.2211387451221935
184 0.16965485456883184
185 0.10731876271813379
186 0.187158426750665
187 0.3794059350846619
188 0.1
189 0.4224547623698903
190 0.4845476451449917
191 0.3170809459803497
192 0.5224434660632284
193 0.5426715816191923
194 0.4363730093106757
195 0.4976295926253031
196 0.3625706653274158
197 0.7078625138567918
198 0.31184577758634213
199 0.29729802545418405
200 0.7089030567829486
201 0.3678476528543109
202 0.555543057648968
203 0.6639164190523236
204 0.39294460826496386
205 0.7780555345889192
206 0.20120881259808746
207 0.5566646214973616
208 0.5241058835636795
209 0.5167181386886475
210 0.5456021965206197
211 0.5112258402708131
212 0.6959386420991792
213 0.3955768849527242
214 0.5660753495356425
215 0.33427923789466113
216 0.6251374415915271
217 0.35300350487690507
218 0.23718422909410158
219 0.3432523580393297
220 0.1
221 0.7671233501949772
222 0.1
223 0.1
224 0.15390607107065218
225 0.3564492271324349
226 0.1
227 0.43804274103512225
228 0.29484834973041274
229 0.17439077213916482
230 0.22436024673144245
231 0.8200077875084406
232 0.1
233 0.6103627288441684
234 0.27093358094447606
235 0.5810597280623555
236 0.1
237 0.45333062707904515
238 0.1
239 0.4896364601504686
240 0.6568570694523923
241 0.3881394334155884
242 0.2896729393773652
243 0.5876193694048013
244 0.1
245 0.4625761363821666
246 0.180529605202689
247 0.32903095668752447
248 0.4693326675208801
249 0.26885847095018145
250 0.4285169768558946
251 0.4465065393494391
252 0.1
253 0.6051788660067645
254 0.4979611401759327
255 0.34266675058746204
256 0.544388234726189
257 0.13172295321076177
258 0.46467704117836073
259 0.33834920454111805
260 0.3101702828287986
261 0.14788730378438822
262 0.5427237865549852
263 0.1
264 0.10573819340112894
265 0.6789057951053912
266 0.4009812067903935
267 0.41716694837392393
268 0.693343828245317
269 0.6572086121870986
270 0.1
271 0.1
272 0.1
273 0.44395458268379845
274 0.3020045710954419
275 0.539705990302414
276 0.1
277 0.16785602623134077
278 0.38445817638949253
279 0.5636740184207852
280 0.48445041029079255
281 0.8384802394071245
282 0.2506754333621807
283 0.18912361456868662
284 0.5620146459411254
285 0.23123020252118548
286 0.3078786313663226
287 0.4563330074363684
288 0.1
289 0.30886160270717045
290 0.27842122108050477
291 0.4894946463026385
292 0.3087866852873792
293 0.3285385616025116
294 0.2307631631784285
295 0.5532597413468716
296 0.1803263889441405
297 0.27878775401108497
298 0.43460399137108263
299 0.40508732705859585
300 0.176868372621943
301 0.2711906125493173
302 0.4498770952735721
303 0.3147814729209468
304 0.1592322493468443
305 0.3806080538080696
306 0.41807273913749865
307 0.43982003296034033
308 0.46422597226406503
309 0.1
310 0.18458772841665042
311 0.3713791454458703
312 0.1563283231914937
313 0.2032456084864948
314 0.27438348230557086
315 0.21047207072373253
316 0.2329594768661949
317 0.30452806304141633
318 0.29665573542023205
319 0.3916196429567403
