0 1.8016593526482731
1 1.563193287656789
2 1.563193287656789
3 1.563193287656789
4 1.563193287656789
5 1.6922856523195497
6 1.2261969374107586
7 1.7210312472500338
8 1.7210312472500338
9 1.544288371276856
10 1.544288371276856
11 0.6765417473436146
12 0.6765417473436146
13 0.6765417473436146
14 0.6765417473436146
15 1.29357137921787
16 1.29357137921787
17 1.29357137921787
18 1.29357137921787
19 1.2239261668772379
20 1.2239261668772379
21 1.2239261668772379
22 1.2239261668772379
23 1.3260682899056198
24 1.3260682899056198
25 1.3260682899056198
26 1.3260682899056198
27 1.5477240979834992
28 0.6952142677540873
29 0.6952142677540873
30 0.6952142677540873
31 0.6952142677540873
32 0.7424923149697358
33 0.7424923149697358
34 0.7424923149697358
35 0.7424923149697358
36 0.8519975913574385
37 0.6991319142935648
38 0.6991319142935648
39 0.6991319142935648
40 0.6991319142935648
41 0.9086344667974597
42 0.9086344667974597
43 0.9086344667974597
44 0.9086344667974597
45 1.0219514069000588
46 1.0219514069000588
47 1.1691740495010217
48 1.1691740495010217
49 1.1691740495010217
50 1.1691740495010217
51 1.312802563355802
52 1.312802563355802
53 1.7924589053903033
54 1.7924589053903033
55 1.7924589053903033
56 1.7924589053903033
57 1.3865924485162187
58 0.8249590522310606
59 0.78449344637749
60 0.78449344637749
61 0.78449344637749
62 0.78449344637749
63 0.7100004163407095
64 0.7100004163407095
65 0.2972020594185249
66 0.2972020594185249
67 0.7930084486567298
68 0.7930084486567298
69 0.7930084486567298
70 0.7930084486567298
71 0.8817495566220893
72 0.8817495566220893
73 0.8817495566220893
74 0.8817495566220893
75 0.8996818399530724
76 0.8996818399530724
77 0.8996818399530724
78 0.8996818399530724
79 0.8273796860063285
80 0.6298614118227249
81 1.3823601546284086
82 1.3823601546284086
83 1.3823601546284086
84 1.3823601546284086
85 1.4479962787899365
86 1.4479962787899365
87 1.4479962787899365
88 1.4479962787899365
89 0.6544538957020903
90 0.6544538957020903
91 0.6544538957020903
92 0.6544538957020903
93 0.48583589723547055
94 0.48583589723547055
95 0.48583589723547055
96 0.48583589723547055
97 1.5841014228152435
98 0.7459599301732881
99 0.7459599301732881
100 0.7459599301732881
101 0.7459599301732881
102 0.6946490196080903
103 1.4030775845510506
104 1.4030775845510506
105 1.4030775845510506
106 0.8623137157004013
107 0.8623137157004013
108 0.4847018519584484
109 0.4847018519584484
110 0.9468317656526363
111 0.9468317656526363
112 0.9468317656526363
113 1.5959760955022202
114 1.5959760955022202
115 1.5959760955022202
116 0.8189297314502397
117 0.8189297314502397
118 0.8189297314502397
119 0.8189297314502397
120 0.9504068012711324
121 0.9504068012711324
122 0.9504068012711324
123 0.31367849905472717
124 0.31367849905472717
125 1.3845236646229757
126 1.3845236646229757
127 1.3845236646229757
128 1.3845236646229757
129 1.471897471783
130 1.471897471783
131 1.471897471783
132 1.471897471783
133 1.2566852816719942
134 0.4564765198672061
135 1.5685051003656236
136 1.5685051003656236
137 1.5685051003656236
138 1.5685051003656236
139 0.7064252115924535
140 0.7064252115924535
141 0.7064252115924535
142 0.7064252115924535
143 0.8578308958329185
144 1.3593885435573732
145 1.3593885435573732
146 1.3593885435573732
147 0.38062885456106776
148 0.38062885456106776
149 0.38062885456106776
150 0.9221693538400516
151 0.9221693538400516
152 0.9221693538400516
153 0.9221693538400516
154 1.4391804308701088
155 1.4391804308701088
156 0.7631325419774102
157 0.7631325419774102
158 0.7631325419774102
159 0.7631325419774102
160 1.377282542562858
161 1.377282542562858
162 1.377282542562858
163 1.1115449297888271
164 1.1115449297888271
165 1.1115449297888271
166 1.1115449297888271
167 1.1201695683037676
168 1.1201695683037676
169 1.1201695683037676
170 1.0571931969149577
171 0.9093194697759075
172 0.9093194697759075
173 0.9093194697759075
174 0.9093194697759075
175 0.8563927170435476
176 0.9724771038407685
177 0.9724771038407685
178 0.9724771038407685
179 0.9724771038407685
180 1.3217551767636773
181 1.3217551767636773
182 1.3217551767636773
183 1.3217551767636773
184 1.1642088145020186
185 1.1642088145020186
186 1.1642088145020186
187 1.1642088145020186
188 1.2961718311832422
189 1.2961718311832422
190 0.5352182464621823
191 0.5352182464621823
192 0.5352182464621823
193 1.4779418396204005
194 1.4779418396204005
195 0.6762510780504839
196 1.1976036743648717
197 1.1976036743648717
198 1.1976036743648717
199 1.1976036743648717
200 1.4464677467904608
201 1.098966825112872
202 1.098966825112872
203 1.098966825112872
204 1.098966825112872
205 1.2052769990298908
206 1.2052769990298908
207 1.4010184907340641
208 1.679483864982956
209 1.2021935903517627
210 1.2021935903517627
211 0.5870447638354308
212 0.5870447638354308
213 0.5870447638354308
214 0.5870447638354308
215 0.6077826137384167
216 0.6077826137384167
217 0.6077826137384167
218 0.6077826137384167
219 0.640731542467863
220 0.30942259487552426
221 0.30942259487552426
222 1.1175322815294557
223 1.1175322815294557
224 0.42954947716378244
225 0.42954947716378244
226 0.42954947716378244
227 0.42954947716378244
228 0.41722615430596904
229 0.41722615430596904
230 0.28216372649580246
231 0.28216372649580246
232 0.28216372649580246
233 0.28216372649580246
234 1.3527474887153503
235 1.3527474887153503
236 1.3527474887153503
237 1.3527474887153503
238 1.360184453220278
239 1.360184453220278
240 1.360184453220278
241 0.6121251567487636
242 0.6121251567487636
243 0.6121251567487636
244 0.6121251567487636
245 0.7628958247871059
246 0.7628958247871059
247 0.7628958247871059
248 0.7628958247871059
249 0.8077527043161394
250 0.8077527043161394
251 1.607219408171627
252 1.607219408171627
253 1.607219408171627
254 0.5374094447351497
255 0.5374094447351497
256 0.5374094447351497
257 0.5374094447351497
258 0.6464099579863212
259 0.6464099579863212
260 1.385346861097431
261 1.385346861097431
262 0.4805352489838392
263 0.4805352489838392
264 0.7025864364598868
265 1.4274620874909403
266 1.4274620874909403
267 1.4274620874909403
268 1.4274620874909403
269 1.592058141712729
270 1.592058141712729
271 1.592058141712729
272 1.592058141712729
273 1.0869229920091472
274 1.0869229920091472
275 1.0869229920091472
276 0.5802266970788529
277 0.5802266970788529
278 0.5802266970788529
279 0.5802266970788529
280 0.5835804072849109
281 0.5835804072849109
282 0.5835804072849109
283 0.5835804072849109
284 0.6548876214275101
285 0.6548876214275101
286 0.6548876214275101
287 0.6548876214275101
288 0.5602740596742684
289 0.5602740596742684
290 0.4568025230243392
291 1.0532315080796424
292 0.6125990553893949
293 0.6125990553893949
294 0.6125990553893949
295 0.6125990553893949
296 0.621136755673438
297 0.621136755673438
298 0.9165507064863169
299 0.9165507064863169
300 0.9165507064863169
301 0.9165507064863169
302 0.45464637642235284
303 0.8152145019138658
304 0.8152145019138658
305 0.8152145019138658
306 0.8152145019138658
307 0.5631853658195777
308 0.5631853658195777
309 0.5631853658195777
310 0.5631853658195777
311 1.5247245463937467
312 1.5247245463937467
313 1.5247245463937467
314 1.5247245463937467
315 0.6944096843103942
316 0.6944096843103942
317 0.6944096843103942
318 0.6944096843103942
319 0.5850604006171632
