0 2.003837809802086
1 3.707400302766713
2 2.175062920701588
3 2.2259599171778994
4 2.992558335819596
5 3.2320714748715216
6 0.7909161184254054
7 1.6695584167072874
8 2.3192417702651107
9 1.910471039410036
10 1.9275537514349665
11 2.706389402547019
12 1.8748166415033038
13 1.6984479879090606
14 3.998504416032731
15 3.0374983657755177
16 0.8266743323456403
17 1.3460379482264198
18 2.562758571387731
19 1.7887450536225653
20 0.27106580530125046
21 1.2148384546169124
22 0.8047318464295781
23 1.233952290379158
24 1.071251102445243
25 3.6609164189193217
26 3.7626255292302813
27 1.6644005091073206
28 2.419402025641506
29 0.8088881616242243
30 1.268374952445078
31 1.9973319099179108
32 0.64552192921064
33 2.4519733465088485
34 2.3986542638254216
35 2.971665541264614
36 0.5610525447388806
37 1.0162468844808277
38 1.6990721231169919
39 0.848974790300598
40 4.117274388542553
41 1.3808300291865434
42 1.4475561351104556
43 0.5052470500148074
44 1.124914589270435
45 2.377413050468781
46 2.096855712076126
47 3.186990829092056
48 2.557969706034634
49 2.980295005855914
50 2.79244661433631
51 3.8720544734826725
52 4.404716215065259
53 3.1621801826604803
54 1.7728268780074146
55 1.8383798846111779
56 3.2262970439710132
57 1.2987652481704814
58 3.444590215091386
59 0.4179652796484947
60 1.3727128138362117
61 1.7990150290273652
62 2.0410113519067137
63 0.1
64 2.9065953655036765
65 1.785724571908416
66 3.2277090885190365
67 2.659907539772597
68 0.1
69 2.396360327628728
70 0.3694093329343535
71 1.8477836943632622
72 2.428602272138845
73 2.260892624525229
74 3.564473285914098
75 1.9371745230843889
76 1.3129130137792948
77 1.2157015330062861
78 0.1
79 0.8117960928640435
80 1.5735229475518595
81 2.6879212238701173
82 1.6582961668679927
83 1.934474527845817
84 2.173198534366064
85 2.1581916726690076
86 2.221774690403283
87 2.7306726151072924
88 5.171026795842862
89 3.0156426733531414
90 3.688084823614743
91 2.70177949576309
92 2.3152953613877423
93 0.4828811139693425
94 2.14788138186334
95 1.0777725076752156
96 2.90101307224375
97 2.541559322915479
98 1.962568006799215
99 2.8684071516618563
100 3.95047172173281
101 3.4202421767774975
102 0.3555317471957158
103 1.7456421044550754
104 2.884576467567742
105 0.9012905690245643
106 2.5534557550751846
107 1.6847084733153326
108 2.5033447249879015
109 3.1276134710909647
110 1.6948113707708927
111 1.2621579460562011
112 1.2965729453663541
113 1.6822941483329705
114 2.2846108532698306
115 1.181238002619963
116 2.5895291774469564
117 0.40636557340614354
118 2.182315477937083
119 2.08639562361474
120 3.154268419740725
121 1.8155340624468541
122 3.1430260495940843
123 2.573740044960067
124 2.9761240554380817
125 2.9389115965439925
126 4.081093214790926
127 1.9186529718426923
128 1.1396898228608507
129 3.7230279913314726
130 0.8080170820114478
131 1.4284792286203274
132 1.761186148536274
133 2.3352373351891664
134 2.571379105660357
135 2.1840097680641426
136 1.7868044880084204
137 3.5339108621038084
138 2.618563401863334
139 3.0425282329392793
140 3.4034699299814375
141 0.6161715779596122
142 2.6627158270173705
143 0.5322623965416102
144 2.4427873689082737
145 0.963939941063011
146 1.1704268463345888
147 1.7541078308258058
148 1.114926035591069
149 4.429359750241957
150 1.2825766224499715
151 1.1516093172693689
152 3.061631852105467
153 1.8102163002789018
154 1.590575778497089
155 2.4826716402799462
156 1.8894831443181437
157 1.046417805375959
158 1.3724553865509128
159 3.83343903813034
160 1.651939048262175
161 1.6938076905063117
162 0.4720047687955098
163 0.877867566558127
164 1.5998655469776912
165 2.633648913428093
166 0.7718210951593565
167 1.6730044050063975
168 3.411984154144715
169 3.0864871309349184
170 2.9195798681814504
171 0.1
172 2.471625493336704
173 1.5107805607928142
174 1.900520888196358
175 1.4159559900037162
176 1.781426534399128
177 1.8706219450245214
178 1.6371627642676851
179 0.9284149478676351
180 2.445170355339072
181 0.1
182 1.5922810318102365
183 3.194311386980154
184 2.0316958950364508
185 0.36553635641269455
186 1.7654711457123877
187 3.0487654923832728
188 3.955647652513469
189 0.1
190 2.25484412866225
191 3.8202713500380105
192 1.8865533513478174
193 1.8768328854101133
194 1.7572478808044156
195 3.077285492553067
196 2.5224713803182395
197 1.9867028555687665
198 1.7437040868026665
199 1.1917883191613323
200 2.221809340633525
201 3.5816979121304584
202 3.455409513443623
203 2.773203922548065
204 1.2226401799274123
205 1.6806035308796672
206 2.9256804473666547
207 3.815262015847747
208 2.0284455427864976
209 1.7020135834336718
210 1.4194713256189178
211 1.5933449339110213
212 0.1
213 0.8160800267029547
214 0.16768545034263482
215 1.0800114323539587
216 3.431600476579482
217 2.9711251312527107
218 1.7815547586818403
219 4.037787328519113
220 2.8966019900500086
221 2.7325240327664413
222 3.6675488854741713
223 1.709166719142876
224 1.1983726960344077
225 2.6052305922234784
226 2.3039936382221855
227 2.634975303535197
228 3.7247472774416734
229 3.003036267821023
230 1.4095559437463463
231 1.3069756853893861
232 4.167675310175142
233 1.9070354748343232
234 2.5291679037637387
235 2.4791716725259136
236 3.488041603759768
237 1.0629654566407623
238 3.1563795556828333
239 0.8777110949036202
240 2.9816394482546995
241 1.753081094357071
242 1.7101747728795367
243 3.8399827760485796
244 2.478430320825034
245 2.9753459474622086
246 1.7158025646510853
247 1.187881614190322
248 2.98242438243328
249 1.5290317746050475
250 4.105080598913647
251 1.7701413360244427
252 0.7938218914150164
253 2.585454914427887
254 1.319025564785242
255 3.963317616040184
256 3.424612174085074
257 2.3670296769673755
258 1.531787113725474
259 4.930933133269993
260 1.3413925748398041
261 3.7345216390252216
262 1.377327330720338
263 2.601547536312049
264 2.1296136124481397
265 2.0663251638892506
266 1.813732569336837
267 2.9026389517772904
268 3.243529770183832
269 3.249715304695168
270 2.764507652237465
271 1.099645774619517
272 2.127878015186365
273 3.258896589942794
274 2.0801793161458764
275 0.9994270755499581
276 2.2194876028926935
277 3.090902650934635
278 3.099571709126945
279 2.3459800161375126
280 2.709697261925682
281 2.5823876273180186
282 2.034704812597491
283 3.8404857847234366
284 2.6430917467253785
285 1.136568306137812
286 1.6857360392272485
287 0.7789202890121794
288 2.258173552027262
289 1.4541023472513797
290 3.4445558649773496
291 4.0958776571277244
292 0.65695206807402
293 0.8231724958320146
294 1.355242698860192
295 1.5477027193108421
296 1.8440579337340404
297 0.1
298 1.6819863332274938
299 2.4723241727438237
300 2.7105264180628077
301 2.2065279092507115
302 1.738737446990632
303 2.780454244844744
304 0.1
305 3.4508806384338424
306 1.577999229695548
307 2.154291253576574
308 1.0958394016618325
309 2.558593892856823
310 2.994640911646762
311 2.471273917970989
312 1.7255151264882183
313 1.5488682022889642
314 0.39463192240858014
315 3.272991572030382
316 2.7446375996195185
317 2.5601407535260705
318 1.1162442546633566
319 1.6157478776284173
