0 0.9718796624613059
1 0.9718796624613059
2 0.5699417464119392
3 0.5699417464119392
4 0.8030016958122124
5 0.8030016958122124
6 0.7872248826003693
7 0.7872248826003693
8 0.8494092766165711
9 0.8494092766165711
10 0.7157761692773651
11 0.7157761692773651
12 0.7218303714929576
13 0.7218303714929576
14 0.7186300798746921
15 0.7186300798746921
16 0.628260825276827
17 0.628260825276827
18 0.7309214752432595
19 0.7309214752432595
20 0.6409150512829831
21 0.6409150512829831
22 0.7272039873394583
23 0.7272039873394583
24 0.7461107835547718
25 0.7461107835547718
26 0.7129420665861432
27 0.7129420665861432
28 0.9400796143007659
29 0.5012433186809071
30 0.628163233657605
31 0.628163233657605
32 0.8913703730722844
33 0.8913703730722844
34 0.4900535699949502
35 0.4900535699949502
36 0.510936300828647
37 0.6333869870665438
38 0.6333869870665438
39 0.8474029380545054
40 0.8474029380545054
41 0.728489197006024
42 0.728489197006024
43 0.7373118216549073
44 0.7373118216549073
45 0.7202380459179865
46 0.3705085735320337
47 0.3705085735320337
48 0.3990410329759916
49 0.3990410329759916
50 0.42980438664243414
51 0.42980438664243414
52 0.4081123672087368
53 0.5884249107033821
54 0.6975181004046963
55 0.5110749069527134
56 0.5110749069527134
57 0.4225336594568617
58 0.4225336594568617
59 0.4961452502390447
60 0.4961452502390447
61 0.48718263220589864
62 0.48718263220589864
63 1.1292445343684858
64 1.1292445343684858
65 0.9418452826915065
66 0.7277463348982036
67 0.7277463348982036
68 0.5851741798837286
69 0.5851741798837286
70 0.6641233066822451
71 0.6641233066822451
72 0.6601396186117371
73 0.6601396186117371
74 0.2928762761664344
75 0.2928762761664344
76 0.2920796167004636
77 0.6316724162245563
78 0.6316724162245563
79 0.8059509059752931
80 0.8059509059752931
81 0.7143564789473389
82 0.43781111941971657
83 0.43781111941971657
84 0.8850715487383484
85 0.8850715487383484
86 0.9111008549778727
87 0.9111008549778727
88 0.2247837556368246
89 0.2247837556368246
90 0.45344974848876657
91 0.27290853028120304
92 0.27290853028120304
93 0.29789530469042197
94 0.29789530469042197
95 0.6110041272050645
96 0.6110041272050645
97 0.8417369625556969
98 0.46961556604954025
99 0.7464250259826428
100 0.7464250259826428
101 0.5495434440277593
102 0.5495434440277593
103 0.7315317963482937
104 0.7315317963482937
105 0.5465824035166563
106 0.5465824035166563
107 0.5039951280893769
108 0.5039951280893769
109 0.4552956827146584
110 0.4552956827146584
111 0.4477990673088941
112 0.4477990673088941
113 0.39968664932632625
114 0.39968664932632625
115 0.44209727193760545
116 0.5024974421369529
117 0.5024974421369529
118 0.6648018783342338
119 0.6648018783342338
120 0.6038553189711136
121 0.6038553189711136
122 0.612071426983432
123 0.7988645941849581
124 0.7988645941849581
125 0.8152310215549725
126 1.050716617063523
127 1.050716617063523
128 0.8977142346473972
129 0.8977142346473972
130 0.721246896725894
131 0.721246896725894
132 0.7133964019530372
133 0.4645130028150786
134 0.4645130028150786
135 0.4861496045754099
136 0.4861496045754099
137 0.5503963643706524
138 0.5503963643706524
139 0.5757300421606852
140 0.5757300421606852
141 0.19916036836854964
142 0.19916036836854964
143 0.20456058340305594
144 0.7763470494888439
145 0.7763470494888439
146 0.7811395839255287
147 0.5259270502156159
148 0.9382243144994752
149 0.9382243144994752
150 0.9229198767697018
151 0.9229198767697018
152 1.0461700583606972
153 1.0461700583606972
154 0.8646349140906996
155 0.8646349140906996
156 0.7481358518956815
157 0.7481358518956815
158 0.7372645894075538
159 0.6419581839890469
160 0.6419581839890469
161 0.5751632601741787
162 0.5751632601741787
163 0.4276139485996163
164 0.4276139485996163
165 0.42853155552294836
166 0.42853155552294836
167 0.5449901498620106
168 0.9172641562979971
169 0.6754723822142439
170 0.6754723822142439
171 0.45022034455658916
172 0.9460125401232854
173 0.9460125401232854
174 0.7932188705649603
175 0.7932188705649603
176 0.6912827621219657
177 0.6912827621219657
178 0.8963843903051013
179 0.8963843903051013
180 0.7582127693638121
181 0.7582127693638121
182 0.8521217706767408
183 0.8521217706767408
184 0.7327154717337634
185 0.3031394629930654
186 0.3031394629930654
187 0.35518450552794395
188 0.35518450552794395
189 0.3690862764985115
190 0.3690862764985115
191 0.6725718087684811
192 0.6725718087684811
193 0.6279045325489374
194 0.6279045325489374
195 0.7852162937918916
196 0.692050700506767
197 0.692050700506767
198 0.8012029759023517
199 0.8012029759023517
200 0.8730279393546123
201 0.8730279393546123
202 0.7760088648751068
203 0.7760088648751068
204 0.552877471839809
205 0.4332114670777047
206 0.4332114670777047
207 0.4483668496719423
208 0.4483668496719423
209 0.4428528520687628
210 0.4428528520687628
211 0.46710808472377147
212 0.46710808472377147
213 0.5265156264110981
214 0.5265156264110981
215 0.5152280476560684
216 0.5152280476560684
217 0.28346115355818047
218 0.28346115355818047
219 0.2382177289338038
220 0.2382177289338038
221 0.23165648584715695
222 0.23165648584715695
223 0.26728443469527047
224 0.26728443469527047
225 0.2706983782903838
226 0.43890690157017015
227 0.43890690157017015
228 0.45240042615758325
229 0.45240042615758325
230 0.43846353393987547
231 0.43846353393987547
232 0.4227933879358886
233 0.4227933879358886
234 0.4891222412612211
235 0.4891222412612211
236 0.4152119936482779
237 0.4152119936482779
238 0.4196485481727372
239 0.4196485481727372
240 0.8747637262407338
241 0.8747637262407338
242 0.7816089658220604
243 0.7816089658220604
244 0.8502281711883888
245 0.8502281711883888
246 0.9496830059819668
247 0.5567590590514557
248 0.5567590590514557
249 0.5006086316280552
250 0.5006086316280552
251 0.6256058804905024
252 0.6256058804905024
253 0.47116131330544886
254 0.47116131330544886
255 0.5028960932630331
256 0.5028960932630331
257 0.5353924377323801
258 0.46918232221301603
259 0.19017674607582793
260 0.19017674607582793
261 0.1868651654430207
262 0.7227652578088521
263 0.7227652578088521
264 0.6885150183613136
265 0.6885150183613136
266 0.9684489014401625
267 0.9684489014401625
268 0.37922124894951975
269 0.37922124894951975
270 0.5093655916122025
271 0.5093655916122025
272 0.6896036535868945
273 0.6896036535868945
274 0.6865300389428172
275 0.6865300389428172
276 0.7778435198734592
277 0.7778435198734592
278 0.6955258685056209
279 0.6955258685056209
280 0.5660085486172333
281 0.542077191172627
282 0.542077191172627
283 0.49732134180053017
284 0.49732134180053017
285 0.6082883325611026
286 0.6082883325611026
287 0.8299673936833388
288 0.45257121518857135
289 0.45257121518857135
290 0.4689112406213085
291 0.4689112406213085
292 0.4701358941910926
293 0.4701358941910926
294 0.8966275255585257
295 0.8966275255585257
296 0.8443202519295635
297 0.8443202519295635
298 0.9871606865397953
299 0.9871606865397953
300 0.8634236260216738
301 0.8634236260216738
302 0.9128749560517883
303 0.4666309519821694
304 0.25239344625636934
305 0.25239344625636934
306 0.2932369070230814
307 0.2932369070230814
308 0.2741115749632409
309 0.7420769900996119
310 0.7420769900996119
311 0.8206569419940916
312 0.8206569419940916
313 0.27424676528375336
314 0.27424676528375336
315 0.3012742548587042
316 0.3012742548587042
317 0.2546329756612511
318 0.2546329756612511
319 0.34148994347800066
