0 0.5007706405575932
1 0.5007706405575932
2 0.5007706405575932
3 0.6242187627504593
4 0.5381174483920779
5 0.5683664148123013
6 0.5683664148123013
7 0.5683664148123013
8 0.5465274963482953
9 0.5543422318754875
10 0.6171035179858327
11 0.6096222972800014
12 0.6096222972800014
13 0.5961309614207521
14 0.5961309614207521
15 0.5875078402412103
16 0.5234032564130792
17 0.4866096323645677
18 0.4866096323645677
19 0.4973849966765662
20 0.508438369895095
21 0.508438369895095
22 0.5469803630151824
23 0.5094541826388612
24 0.6183893356216897
25 0.6492198146379726
26 0.5832787189790584
27 0.554050023249917
28 0.6698276056212178
29 0.6384935894204428
30 0.5140440314559137
31 0.62921725731763
32 0.62921725731763
33 0.6260876153932063
34 0.5961749876718102
35 0.5261954858369601
36 0.503444252546048
37 0.5402689899367437
38 0.6472780835905374
39 0.4958708158096607
40 0.6193396612434647
41 0.5188542070423768
42 0.5516683524829206
43 0.6198640594327753
44 0.5698865039869506
45 0.6016065560706689
46 0.5407780368477505
47 0.5309329492818436
48 0.5301558844482966
49 0.4711406393527774
50 0.6211492978643833
51 0.627346468262971
52 0.4691744042406589
53 0.5676511234584143
54 0.6084645026380954
55 0.5483387278814282
56 0.5103185229395063
57 0.55585347956401
58 0.6333256782116349
59 0.6333256782116349
60 0.6060659395922834
61 0.6060659395922834
62 0.6320715370400506
63 0.6527011685810827
64 0.46827250817867533
65 0.49567357565388787
66 0.5795883462560272
67 0.639032186252867
68 0.6065230182673418
69 0.44974247940773115
70 0.6180621931109218
71 0.46707635117629537
72 0.4783240879378725
73 0.6487733196941934
74 0.5838600506802482
75 0.5969478233068027
76 0.6698904271322
77 0.6698904271322
78 0.5836082052589467
79 0.6016052038043149
80 0.533950032226285
81 0.5940945909692269
82 0.5940945909692269
83 0.6856243255327944
84 0.6856243255327944
85 0.6217356019777035
86 0.5332175708320821
87 0.47826884584096757
88 0.47826884584096757
89 0.5812179753798214
90 0.6174940753440986
91 0.5510924451294252
92 0.6029725661656339
93 0.6029725661656339
94 0.5795854273851734
95 0.5690835775905462
96 0.5152703706786896
97 0.5500713265609471
98 0.580091667108525
99 0.536967480759129
100 0.520387950112369
101 0.6008382443006643
102 0.5508405095466142
103 0.5508405095466142
104 0.5508405095466142
105 0.5508405095466142
106 0.524466625249559
107 0.5331036764408023
108 0.5409984412099321
109 0.5345651909966656
110 0.5345651909966656
111 0.5345651909966656
112 0.5733073675171445
113 0.5995650346477588
114 0.4318191324725187
115 0.4318191324725187
116 0.569165586406433
117 0.5556503325929996
118 0.5460996514002949
119 0.5076136021732502
120 0.5874598783144562
121 0.5368828402181564
122 0.5368828402181564
123 0.5771165096234313
124 0.5378211194277662
125 0.5199157431780728
126 0.5218997486610115
127 0.710813648350282
128 0.5528327116499825
129 0.6595995183286656
130 0.5118541442302754
131 0.6295518194796813
132 0.5027934780322847
133 0.6100363616646289
134 0.5928273624470077
135 0.5928273624470077
136 0.5618013689972557
137 0.477378223309587
138 0.477378223309587
139 0.643827455313605
140 0.643827455313605
141 0.6372162417564097
142 0.5562598904790793
143 0.6199086195985163
144 0.4635784190012845
145 0.5936115795028307
146 0.5437062606027555
147 0.45867643799546215
148 0.45867643799546215
149 0.4457209852824919
150 0.613707032833607
151 0.44711734862192015
152 0.5676809350775186
153 0.5696979231858937
154 0.5793419195202331
155 0.6640319112184887
156 0.5421968666368194
157 0.5451583391534907
158 0.6278669091285324
159 0.6394208622579691
160 0.6394208622579691
161 0.6415516003270012
162 0.4986618625963306
163 0.548345164398046
164 0.5404182277333041
165 0.5153967870286572
166 0.5077591944380974
167 0.518586915436789
168 0.48823457171703283
169 0.5545549786624911
170 0.6358965839587503
171 0.6939148821567684
172 0.5150102034899174
173 0.6122681797408437
174 0.5477588199840162
175 0.5477588199840162
176 0.49613178938683905
177 0.4682792722954849
178 0.570458062971457
179 0.46690298879468856
180 0.5714353086184036
181 0.553413916080609
182 0.47477075526821066
183 0.5298340887899154
184 0.5469542404922928
185 0.5817083517747763
186 0.5694057094574673
187 0.5694057094574673
188 0.5694057094574673
189 0.6349751891378754
190 0.6349751891378754
191 0.5029652531429526
192 0.6273377322823384
193 0.6273377322823384
194 0.5304401467128186
195 0.6658841782775952
196 0.5716366426291435
197 0.5716366426291435
198 0.5799972119964991
199 0.5120105730900698
200 0.5877387633576168
201 0.5590758267359036
202 0.5569867585523686
203 0.5569867585523686
204 0.5272258836479848
205 0.6236903728037015
206 0.5628371160482137
207 0.5678757090072667
208 0.5796927343437842
209 0.5312931572349082
210 0.4636178733812306
211 0.5671320646570371
212 0.4888059809893751
213 0.5765029111409512
214 0.5765029111409512
215 0.6952838483611319
216 0.6389866526313579
217 0.6521159428357575
218 0.6521159428357575
219 0.612957866669181
220 0.5041628482519809
221 0.5428358335796526
222 0.5428358335796526
223 0.44851296166600885
224 0.45682685681571616
225 0.6473187319550251
226 0.6473187319550251
227 0.6425296796665558
228 0.6425296796665558
229 0.5201878881650985
230 0.5201878881650985
231 0.5584017152322897
232 0.5551998445556142
233 0.665218870411252
234 0.5597385732165987
235 0.6271079945520432
236 0.6580156428917528
237 0.5198453898872678
238 0.47304337484706094
239 0.523000296477553
240 0.5597510721830592
241 0.5597510721830592
242 0.5744439616989034
243 0.5744439616989034
244 0.6275491077299261
245 0.6275491077299261
246 0.581123838603103
247 0.581123838603103
248 0.4866946460163364
249 0.5106094259750055
250 0.5311031082299748
251 0.4556167594058872
252 0.5956245828747148
253 0.4951107503134384
254 0.5586041023160981
255 0.6645725118240855
256 0.5012723080360559
257 0.6187715526583473
258 0.6187715526583473
259 0.6187715526583473
260 0.6291479730223699
261 0.6390761290386124
262 0.5162775970451099
263 0.622140976361354
264 0.6858458122631526
265 0.5865121769544411
266 0.48595957401905726
267 0.5519136263078276
268 0.6172188836450229
269 0.5387289113753356
270 0.6162607494952597
271 0.6243528979230798
272 0.5492191909556595
273 0.6175680094005755
274 0.507449697172283
275 0.5173822360829902
276 0.4960096324015728
277 0.5854626836350715
278 0.5762837855224422
279 0.5327049343001419
280 0.490775384039375
281 0.6161415431908093
282 0.5171371174569862
283 0.5171371174569862
284 0.621752311784625
285 0.5395252434916934
286 0.5805172474802012
287 0.5947566997231073
288 0.5947566997231073
289 0.5039290902018808
290 0.5353475374855201
291 0.6475785305743269
292 0.47065205142934236
293 0.5668202403665235
294 0.5253848533373446
295 0.5703923384444441
296 0.5351653754995597
297 0.5712681262311097
298 0.5683274319731505
299 0.619518169254717
300 0.5310344752478819
301 0.5849507979187543
302 0.5809351103578042
303 0.5897509274999276
304 0.5756763087760425
305 0.5713154836394265
306 0.6009313913246583
307 0.6009313913246583
308 0.5750688865931982
309 0.5258272731958735
310 0.528950990552669
311 0.6029397345869084
312 0.5800765187453928
313 0.6631878623680107
314 0.5159757734631705
315 0.5159757734631705
316 0.652367529202431
317 0.652367529202431
318 0.5065511272946562
319 0.5233227380429252
