0 1.7128475932909772
1 1.6631857644759434
2 1.8931068196560696
3 1.6903166798536429
4 1.6311226438850701
5 1.8605899816592535
6 1.8342032242109116
7 1.878810462974452
8 1.6787325104513866
9 1.9542037405218875
10 2.755362595876013
11 2.424658230255465
12 2.194536359568259
13 2.2378115066447206
14 1.4580688026178439
15 1.3357250616617387
16 1.259089194687494
17 1.3577365251239453
18 1.2543517053589885
19 1.3828227523121925
20 1.7187062551954295
21 2.09949156461806
22 1.7450243602226385
23 1.9313253927277365
24 2.0003784323966314
25 1.6573804298035246
26 2.119028122687857
27 2.3358304189145183
28 2.2849100142291903
29 1.6451127839108646
30 2.0279849449002647
31 1.8439684076318816
32 2.1540163589311123
33 1.1520494780675767
34 1.1053784074009234
35 1.1389638131208395
36 1.3081665339127977
37 1.4459944764696038
38 1.3655483821328311
39 1.3588718376044782
40 1.2700631628338952
41 1.6128711220509915
42 1.8725783339524922
43 2.0354497220136265
44 1.9211371434019815
45 1.8393827042099804
46 1.3974963460040501
47 1.7681693581513276
48 1.3521190212910377
49 0.9334091475727517
50 0.8933017526860946
51 0.908372308492303
52 0.8949368012846747
53 0.9673533237383529
54 1.5703256636619882
55 1.528002156129644
56 1.4319957913616725
57 1.408456494742064
58 1.639999656987477
59 1.638784224194074
60 1.4962728211947118
61 1.2758646875799293
62 1.6882578793919578
63 1.009938755129284
64 2.019112171079323
65 2.1349990573861457
66 2.1352725788671414
67 2.2424408162401437
68 1.8997091062796998
69 1.8701919593427332
70 2.1020458064527126
71 2.00862391672254
72 1.9601290581760162
73 1.8734459730397632
74 1.9043100883173956
75 2.136894261048494
76 1.4090011419100044
77 1.2431178408034949
78 1.6161643349527808
79 1.1613281272852547
80 1.3124859589868398
81 1.362953360052693
82 1.4349041728675267
83 0.7255156612387159
84 0.8232438329284635
85 0.9681072793361314
86 1.0358741092742556
87 0.7439166873191896
88 0.6323373366114385
89 0.6978093717455275
90 0.6690058330222683
91 0.5772365797990934
92 0.37700537256840505
93 0.4161620416455518
94 1.4804422577189837
95 0.6246033954971753
96 0.7059088517045022
97 1.2953958297275732
98 1.3784342926372288
99 1.3755978481765256
100 1.3963005985574792
101 1.9259191272160956
102 2.0636723042177385
103 1.7959034981222612
104 1.471441640185081
105 1.648806778685813
106 1.6057891581199804
107 1.783041223119233
108 1.7642097359607158
109 1.7560610732573134
110 1.615754814231439
111 1.651884622021628
112 1.5835822392144552
113 1.7577874134267732
114 1.608713194508815
115 1.5964218966488986
116 1.6454777552578082
117 1.6534952642807652
118 1.4753643739534048
119 1.6116420272508136
120 1.5522679786854348
121 1.4988124430272944
122 2.2677032739176357
123 2.3382740609582653
124 1.7693345051388532
125 1.7078460145395327
126 2.0821912678286925
127 2.198309295383289
128 1.8440290566569177
129 1.8810041239737316
130 1.9688090402388192
131 1.4358692867116323
132 1.5505620718777313
133 1.7225797957706828
134 1.6213696654676601
135 1.5670843920231146
136 1.4746403067056322
137 1.4071474100050447
138 1.579389041878301
139 1.4983067750665162
140 1.6167584819614436
141 1.6024620718823175
142 1.5746410012914929
143 1.550136091687376
144 1.5845595567062554
145 1.6182932266566032
146 1.518637393736249
147 1.5185609222002834
148 1.4789752545526924
149 1.6412257827779224
150 2.459467869413097
151 2.601114154117349
152 2.597526209297949
153 2.5710589482844703
154 2.176358365158766
155 2.4871683233167894
156 1.7291905034931114
157 1.6734174065303
158 2.0022398852657846
159 1.8486067778406459
160 2.048091385805536
161 2.490640951841509
162 2.208215372524809
163 2.3429569373919774
164 2.4798525368832016
165 1.6312168168182937
166 1.8170271630538755
167 1.677906055269883
168 1.9671466109305644
169 1.7620516801160016
170 1.9130304070762891
171 1.7682151746510397
172 1.1807341985570954
173 1.2096812468359237
174 0.9036970041781958
175 0.5428052138059084
176 1.082572122214219
177 1.183683732520906
178 1.293249472770024
179 0.7620302706853739
180 1.6925492559566533
181 1.3054640638930959
182 1.2624694188249699
183 1.4117897410725655
184 1.525899391759358
185 1.3834585259122443
186 1.582540570182911
187 1.4365377962996189
188 1.424088977653114
189 1.3096154759567196
190 1.560753339319051
191 1.342739764317204
192 1.4461866263369367
193 0.9705972855686786
194 0.9775922377442843
195 1.0910525236229955
196 0.7860505199220049
197 1.170659656879797
198 1.2971024882463897
199 1.1294151910449512
200 1.040126830342733
201 1.1541485370897882
202 1.1487739577988947
203 1.0287435113194012
204 1.023434048062856
205 1.0975233558106534
206 1.8547912475908859
207 1.9203009581737616
208 1.7360867966316227
209 1.8477786412233719
210 2.0054977395135865
211 2.0873322514645394
212 1.0997184393379005
213 0.9217827727673236
214 1.1602656956419766
215 0.9613299995497653
216 1.0310141172936793
217 1.4236254959576375
218 0.7589311693944212
219 1.7215710807915583
220 1.7180517098210466
221 0.8289588826274248
222 0.870881297338838
223 0.969911941821623
224 2.0517584064157814
225 2.468193675931282
226 2.450372295411175
227 1.8937635382418836
228 1.8641367457273954
229 1.1456190348674582
230 0.8914089922896883
231 2.05157054415171
232 1.945708930760975
233 2.0785623450259574
234 1.956192167739178
235 2.065387144087746
236 2.2125211923438
237 2.175348981889032
238 2.232551638014253
239 2.2296897145342918
240 2.02133579793255
241 2.6589010623324705
242 0.8548098112645104
243 1.1677857239672296
244 0.37388796753945924
245 0.39980577319936617
246 0.4593853827028508
247 0.4498733707002146
248 0.4001484506081561
249 0.5119544670228432
250 0.705943028681451
251 0.7388622541973584
252 0.6689675708852427
253 0.651955287662313
254 0.6184561319381585
255 0.5306228255175804
256 1.9730489992819848
257 1.9199290675840974
258 1.7672337308770145
259 1.7998648453024537
260 2.1483393358361536
261 1.8960897034332815
262 2.1063951136351715
263 2.381676690101501
264 2.889581434334591
265 2.742118810057522
266 1.7097129035448255
267 2.7328750469599608
268 2.370517922308567
269 2.229790424580998
270 0.5568353242305314
271 0.7137346978024051
272 1.6972896198334357
273 1.9015310965204963
274 1.8541775709590802
275 1.651716773213064
276 1.9733838516683173
277 2.101447499630661
278 2.445174773633065
279 2.32995633782885
280 2.9367356813082965
281 2.334518986695831
282 0.8044050945028799
283 0.6019880905094679
284 0.6091257423685146
285 0.5010809881205636
286 1.2005868303684175
287 0.953689344613931
288 0.8102999691018629
289 0.601293869804645
290 1.1250213889748475
291 1.0724910167067379
292 2.590655891936478
293 1.976283107065774
294 2.2875164463300637
295 2.50075772329946
296 2.3858074150364406
297 1.100479121180506
298 1.9275802213704138
299 2.0432733882931
300 1.8871008644053018
301 2.0388350762128797
302 2.0640703447555713
303 2.4512047687547938
304 2.4074023090998105
305 2.0353144379395265
306 1.7540177835956063
307 1.1576064222070825
308 0.9335818461174303
309 0.441529443837305
310 0.4229543996275956
311 0.4817686602039243
312 0.38004619767414916
313 0.5716545825988348
314 0.4192316856513805
315 0.4212300921217108
316 1.271308270994255
317 1.0065182861009343
318 1.134715429721632
319 1.1332939315566581
