0 1.7004167875414522
1 4.285497291261497
2 4.038904414638943
3 2.3970665030079124
4 3.2438531007448224
5 3.2168103117758484
6 1.4016678605262594
7 2.8541238933015336
8 0.647483370723754
9 2.92058631139905
10 5.476586687044617
11 5.476586687044617
12 1.0681694080256943
13 2.3137024339568577
14 2.3137024339568577
15 3.8553441324979363
16 0.39092562764105576
17 2.61383234067947
18 1.2770759380188954
19 4.186801093005985
20 4.186801093005985
21 3.2059586181815627
22 0.5187935401942565
23 0.7136928874707587
24 1.5941085614258341
25 4.9083003470539905
26 2.222951567836816
27 6.4747052829121134
28 6.4747052829121134
29 4.5042508759236695
30 3.56432436185821
31 2.193459665162598
32 3.4841968214816292
33 1.5777699404539556
34 1.5777699404539556
35 4.503648814282546
36 4.503648814282546
37 0.6026646960720083
38 8.084724501235444
39 0.1
40 2.6135721635028593
41 4.367251556350778
42 4.367251556350778
43 1.199805639891142
44 1.199805639891142
45 1.7103222135187957
46 1.7103222135187957
47 4.063762758667522
48 7.032981400470652
49 0.6414362287525375
50 1.0174586354000916
51 0.7378561543126141
52 3.1642677312988248
53 2.1498999461021473
54 2.1498999461021473
55 3.629734151504744
56 3.629734151504744
57 2.331956917298965
58 4.287821115733797
59 1.9404776613571493
60 2.87698738273853
61 4.7852518678272675
62 2.44921909256485
63 2.4615009150168397
64 2.440386126005642
65 3.0256517976934085
66 3.3759984926993187
67 3.516775820550916
68 3.516775820550916
69 5.0470119781007385
70 3.17987599918179
71 0.7606027678386325
72 2.489910954021174
73 6.711159185549734
74 4.644517654547321
75 1.5874328808336438
76 2.967996698828488
77 5.685113760066383
78 2.453027306826028
79 1.0671115025939821
80 0.1
81 2.206975569648853
82 2.6399606192007465
83 2.205404100521217
84 2.941365051083949
85 1.6643516607618851
86 1.9410525712627822
87 4.391954583541279
88 1.6193218940899725
89 1.6193218940899725
90 2.2232795219791432
91 2.2232795219791432
92 2.140604325734601
93 3.4143726043928675
94 4.300170241211271
95 3.0623530818902207
96 3.7756556190411033
97 7.222341969752804
98 2.3744249462489995
99 1.9292377763941342
100 4.122361678196853
101 1.7998609239860868
102 4.130265873665418
103 2.5813554618824557
104 4.6261773441991325
105 3.513296637356758
106 2.0023099464067617
107 2.0023099464067617
108 3.232139628924777
109 1.879390355402054
110 3.008189187655748
111 2.3255071195951635
112 2.3255071195951635
113 2.1540808377491025
114 5.472829086547413
115 2.408241107199796
116 0.8538390093243469
117 0.8538390093243469
118 3.515220213622656
119 2.3693891618119687
120 2.030494699523196
121 3.382612540317859
122 2.854999000373691
123 2.854999000373691
124 0.8562215035085425
125 0.561923310744594
126 7.409286066162473
127 7.409286066162473
128 1.7430381060921945
129 1.7430381060921945
130 3.2470125251841324
131 3.2470125251841324
132 3.54544801238233
133 7.615803162459077
134 2.5121758340034175
135 1.4864955602212764
136 1.4058725921504402
137 1.8478060645432213
138 0.8412229122004997
139 0.12868429905318957
140 3.5620778932033477
141 1.6648459124250807
142 1.277356011536149
143 1.277356011536149
144 0.23180108723420823
145 0.8834000033231721
146 3.0590030844314886
147 1.7493553263503538
148 1.73457508018222
149 0.4705151381546655
150 0.4705151381546655
151 3.1418745589063537
152 3.429298537352568
153 3.429298537352568
154 4.04759107989919
155 1.6418402386061024
156 3.267964821111224
157 5.091456661670058
158 2.783301262939663
159 4.176431743263736
160 5.612944446239284
161 1.705041194028826
162 2.3354974792125227
163 3.177933977476529
164 0.7603318626263582
165 3.0742942655024628
166 6.287168907186995
167 6.287168907186995
168 4.464976962143929
169 0.17342773191344696
170 2.9474111359886987
171 2.5771656247375003
172 2.5771656247375003
173 0.16743347283786925
174 1.7694643207242609
175 1.4986398406008556
176 4.284260275586222
177 4.284260275586222
178 3.0591144240781585
179 3.8483000957710862
180 3.2054732915329014
181 4.686561174213062
182 2.2264991833209007
183 2.0597463682529096
184 3.5709341909055037
185 2.477768868203231
186 3.0620518076711267
187 1.097499148515707
188 3.111883579807069
189 5.364775230726052
190 2.6294031929491215
191 3.9422618288599134
192 4.136362341505848
193 2.763448462896311
194 2.480054470948271
195 4.313858249017239
196 3.5503291408085444
197 3.5503291408085444
198 3.938929162676691
199 2.6103270336104916
200 2.5658936641495425
201 2.5658936641495425
202 1.727356914914888
203 2.3088566094634166
204 2.186862314773301
205 4.607659721480035
206 1.8414291457323264
207 4.428195019212618
208 1.9096917377152112
209 2.689911884699889
210 1.6846550903366753
211 0.21513264711907576
212 0.23269839433715056
213 1.0355281548723676
214 1.2120660730990456
215 1.2120660730990456
216 6.247839528975314
217 2.748580910766657
218 3.9836750970625463
219 2.144239269223187
220 5.963051800375352
221 1.4189260279069988
222 1.4189260279069988
223 1.4736778732296567
224 3.8423446055280723
225 3.7208380474514584
226 2.102846982500515
227 0.563393465500422
228 4.763831749583836
229 2.0049297567486124
230 4.4271698033974225
231 1.4054417591294106
232 0.1
233 0.1
234 1.430085145600005
235 1.430085145600005
236 0.1
237 2.2827592219595156
238 2.2827592219595156
239 1.3054801916426086
240 1.3054801916426086
241 0.807828536659704
242 2.536686404677862
243 4.2088930898466135
244 2.7630001007721186
245 2.7630001007721186
246 3.2787488425418947
247 3.2787488425418947
248 2.5867773849514593
249 4.034662982791188
250 2.7760331500723114
251 2.56401824086324
252 2.9656848760836723
253 2.490443378744781
254 6.166654300609124
255 1.693253510232122
256 3.4411472441222277
257 4.804073267067494
258 2.360436037842361
259 1.3849294921909827
260 3.252679288212809
261 1.8133904104559433
262 0.5579451578887689
263 4.1925004869880835
264 4.1925004869880835
265 1.4409538820307377
266 4.524649208666977
267 2.5805638561920414
268 0.3274717294323306
269 2.7363549752017926
270 2.7363549752017926
271 2.883580756076351
272 3.9093998807505432
273 3.9093998807505432
274 0.7029051975791705
275 3.800921531585508
276 1.8554662011928191
277 0.404503981799214
278 1.4396586245994691
279 1.4396586245994691
280 7.197668270658356
281 1.8404444765064514
282 1.9713187560799885
283 4.612161809071468
284 2.0996986381637517
285 2.0996986381637517
286 3.0503597390489174
287 3.9177282509392715
288 3.3349912807821616
289 1.3281637981079024
290 1.3281637981079024
291 0.6780743737745838
292 0.6780743737745838
293 3.6012064989899564
294 2.65627297984909
295 1.3378540410044695
296 1.8916711718988193
297 3.292504443498455
298 3.292504443498455
299 1.0011861756212483
300 2.4463077075113127
301 1.4277403950085052
302 2.6921326797994674
303 2.2295432957883534
304 2.490685020238808
305 4.60741216406308
306 3.3441716418365743
307 2.487875340810261
308 2.2956586757020006
309 3.8613168481276414
310 2.799060093183585
311 2.8888167523278057
312 3.1535600352312123
313 0.1
314 3.358408027681937
315 1.646105770827802
316 3.6900109225296984
317 2.906907261600919
318 1.4304867081278303
319 1.4304867081278303
