0 0.8665590869352328
1 0.8665590869352328
2 0.8665590869352328
3 1.0022721253648694
4 1.0022721253648694
5 1.0022721253648694
6 1.0022721253648694
7 1.1562473598954481
8 1.1562473598954481
9 1.1562473598954481
10 1.1562473598954481
11 0.8623975559812486
12 0.8623975559812486
13 0.8623975559812486
14 0.8623975559812486
15 1.0552434166392928
16 0.8364876756034464
17 0.8364876756034464
18 0.8364876756034464
19 0.8364876756034464
20 1.2484246015170852
21 1.2484246015170852
22 0.8432349323525715
23 0.8432349323525715
24 1.365029472612379
25 1.365029472612379
26 1.0929410949792069
27 1.0929410949792069
28 1.0929410949792069
29 1.0929410949792069
30 0.8577403228186458
31 0.8577403228186458
32 0.8685294840940398
33 0.8685294840940398
34 0.8685294840940398
35 0.8685294840940398
36 0.8727865120100581
37 0.8727865120100581
38 0.8727865120100581
39 0.8727865120100581
40 0.75478325372623
41 0.75478325372623
42 1.0628768763102274
43 1.3045699170054261
44 1.3045699170054261
45 1.3045699170054261
46 1.3045699170054261
47 0.8613632749653642
48 0.8613632749653642
49 0.8613632749653642
50 0.8613632749653642
51 0.9568648819356378
52 0.929048689422804
53 0.929048689422804
54 1.0314295799675783
55 1.0314295799675783
56 1.0314295799675783
57 1.0314295799675783
58 0.7989555231334741
59 1.0330786957958809
60 1.0330786957958809
61 1.0330786957958809
62 1.0432509684116513
63 1.0432509684116513
64 1.0432509684116513
65 1.0432509684116513
66 1.1380657027719459
67 1.1380657027719459
68 1.1380657027719459
69 1.1380657027719459
70 0.9590080363943644
71 0.7470432484746535
72 0.7470432484746535
73 0.7470432484746535
74 0.7470432484746535
75 0.7665451084196377
76 0.7665451084196377
77 1.3313743148150006
78 1.3313743148150006
79 1.3313743148150006
80 1.3313743148150006
81 1.2056153937806524
82 1.2056153937806524
83 1.2056153937806524
84 0.9044419602752741
85 1.0050367266087044
86 1.0050367266087044
87 1.0050367266087044
88 0.9022677310058286
89 0.9022677310058286
90 0.9022677310058286
91 0.7897151369616766
92 1.1179568013099732
93 1.1179568013099732
94 1.1179568013099732
95 1.1179568013099732
96 1.2933495353083693
97 1.2933495353083693
98 0.8484444686433914
99 0.8484444686433914
100 0.9829313477269008
101 0.9829313477269008
102 0.9829313477269008
103 0.9829313477269008
104 0.8218624232631354
105 0.8218624232631354
106 0.8736459832262055
107 0.8736459832262055
108 0.8736459832262055
109 0.7946066767206809
110 0.7946066767206809
111 0.7946066767206809
112 0.7946066767206809
113 0.8155525197454055
114 0.8155525197454055
115 0.8155525197454055
116 0.8155525197454055
117 0.9851219070231031
118 1.4199877176205193
119 1.4199877176205193
120 1.4199877176205193
121 0.800460639840628
122 0.838084394723428
123 1.285098683781464
124 1.285098683781464
125 1.285098683781464
126 0.9111175722751477
127 0.9111175722751477
128 0.9111175722751477
129 0.9111175722751477
130 1.0717490942037473
131 1.0717490942037473
132 1.0717490942037473
133 0.9442468079216346
134 0.732278565984442
135 0.732278565984442
136 0.732278565984442
137 0.732278565984442
138 0.6632556401986507
139 0.6632556401986507
140 0.6632556401986507
141 0.6632556401986507
142 0.6569187609906526
143 0.6569187609906526
144 0.6569187609906526
145 0.6569187609906526
146 0.6644729652159321
147 0.6644729652159321
148 0.6644729652159321
149 0.6644729652159321
150 0.643304376631219
151 0.9660988632355536
152 0.9660988632355536
153 0.8609682955673483
154 0.8609682955673483
155 0.8609682955673483
156 0.8609682955673483
157 0.6139517154407732
158 0.6139517154407732
159 0.6139517154407732
160 0.9904541254617916
161 0.9904541254617916
162 0.9904541254617916
163 0.9904541254617916
164 1.3219418560567289
165 1.3219418560567289
166 0.8567336626974712
167 0.8567336626974712
168 0.8567336626974712
169 0.8567336626974712
170 0.8562908454982797
171 0.8562908454982797
172 0.8562908454982797
173 0.8562908454982797
174 0.8044800712148142
175 0.8044800712148142
176 0.8044800712148142
177 1.067389284523926
178 1.067389284523926
179 1.067389284523926
180 1.2252060702931502
181 1.2252060702931502
182 1.2252060702931502
183 1.2252060702931502
184 1.2521388575911752
185 1.2521388575911752
186 1.2521388575911752
187 1.2521388575911752
188 0.932314060185578
189 0.932314060185578
190 0.932314060185578
191 0.932314060185578
192 1.0968352483849089
193 1.0968352483849089
194 1.0968352483849089
195 1.0968352483849089
196 1.2724016906509894
197 1.2724016906509894
198 1.2724016906509894
199 0.7796573001195168
200 0.7987309542302925
201 0.8813691129433373
202 0.8813691129433373
203 1.0154765039739917
204 1.0154765039739917
205 0.8331885208122528
206 0.8725255808769672
207 0.8725255808769672
208 0.8725255808769672
209 0.8725255808769672
210 0.7983515579617418
211 0.7983515579617418
212 0.7983515579617418
213 0.7983515579617418
214 0.9671202559305347
215 0.9671202559305347
216 0.9671202559305347
217 0.9671202559305347
218 0.9895408211178601
219 0.9895408211178601
220 1.0163821310436971
221 1.111403162329619
222 1.111403162329619
223 1.111403162329619
224 1.111403162329619
225 1.1374213960996624
226 1.1374213960996624
227 1.1374213960996624
228 1.1374213960996624
229 1.1239205297306307
230 0.9975574350899901
231 0.9975574350899901
232 0.9975574350899901
233 0.6732619712162328
234 0.6732619712162328
235 0.6732619712162328
236 0.6732619712162328
237 0.6298002775255802
238 0.7863061728790448
239 0.7863061728790448
240 0.7863061728790448
241 0.7863061728790448
242 0.9520436578160035
243 0.9520436578160035
244 0.810507822509566
245 0.810507822509566
246 0.810507822509566
247 1.0144536807966023
248 1.2394159574168155
249 1.2394159574168155
250 1.2394159574168155
251 1.2394159574168155
252 0.7989157311135842
253 0.7030355828570147
254 0.7030355828570147
255 0.7030355828570147
256 0.7030355828570147
257 0.9276537514780352
258 0.755352023966064
259 0.755352023966064
260 0.7968712378091277
261 0.7968712378091277
262 0.7968712378091277
263 0.7968712378091277
264 0.9860154898004263
265 0.9860154898004263
266 0.9860154898004263
267 0.9860154898004263
268 0.7805052275191675
269 1.0488111160121458
270 1.0488111160121458
271 1.0496765613583507
272 1.0496765613583507
273 1.0496765613583507
274 1.0496765613583507
275 0.9830352767561055
276 0.9830352767561055
277 0.9830352767561055
278 0.9830352767561055
279 1.0133321046719899
280 0.964524376241808
281 0.7924609710292739
282 0.7924609710292739
283 0.7924609710292739
284 0.8195233330485396
285 1.2007997950276466
286 1.2007997950276466
287 1.2007997950276466
288 1.2007997950276466
289 1.2761129434733602
290 1.0040990483360512
291 1.0040990483360512
292 1.0040990483360512
293 1.0040990483360512
294 1.3654216926788836
295 1.3654216926788836
296 1.3654216926788836
297 1.3654216926788836
298 0.8297125737662804
299 1.0758473358017666
300 1.0758473358017666
301 0.8047153850839351
302 0.8047153850839351
303 0.8067524435367547
304 0.8067524435367547
305 0.8067524435367547
306 0.8067524435367547
307 0.8410061030867287
308 0.8410061030867287
309 0.947034718849176
310 0.947034718849176
311 1.0220898371778442
312 0.9016010659922069
313 0.9016010659922069
314 0.9730575907893724
315 0.7304799560462647
316 0.7304799560462647
317 0.7304799560462647
318 0.7304799560462647
319 0.6551978831820983
