0 0.31609421675661814
1 0.6672747292625366
2 1.3693875720116815
3 1.5518342912169318
4 1.2770668747706317
5 1.2770668747706317
6 1.5868177323908939
7 0.4553228023495123
8 0.22906718923720737
9 0.22906718923720737
10 1.0929746776515679
11 1.6153900499341203
12 1.2043107323593687
13 1.0857037402753387
14 1.0857037402753387
15 0.35435375294510074
16 1.0706613160625178
17 1.9324333965056653
18 0.9789973292234984
19 1.5483648725985655
20 1.1331474729417732
21 1.6251453937953495
22 1.5596207143538574
23 1.1957146293749472
24 1.391510148334908
25 0.6655791027397743
26 0.832443356671124
27 0.5410825903034622
28 1.2781616920352121
29 1.3996024601712993
30 1.0478831708701097
31 0.6246835870865235
32 1.4427625539974516
33 0.5634912599003048
34 0.5634912599003048
35 0.42562043176261644
36 0.7520600456305769
37 0.2138874990956501
38 0.3498346799962974
39 0.9490777074529918
40 0.3900741359976882
41 0.3900741359976882
42 0.8237974884505376
43 0.8237974884505376
44 1.3279662986779754
45 1.3279662986779754
46 0.9892340732942005
47 1.4931359563476605
48 1.4931359563476605
49 0.6424080415285875
50 1.5910595959857718
51 1.61586916826488
52 1.3428973834040792
53 0.92215378641221
54 1.0688584309885711
55 1.5116067755051366
56 0.323153370268902
57 1.19074922778464
58 0.4081449859056819
59 0.4081449859056819
60 0.6720793096083542
61 0.6720793096083542
62 1.4574710492424734
63 0.49882561653057883
64 0.9622734044518159
65 0.47492948224484555
66 0.6594469277322315
67 1.3891801612964993
68 1.0800422432712775
69 1.6096432173260082
70 0.41236656929305743
71 0.5416447766787085
72 1.484982151875364
73 1.1766020509066015
74 0.30362475950067697
75 1.4709150958643968
76 0.2971310052282002
77 1.3214315549071072
78 0.3776469161620043
79 1.334288457561463
80 0.5174446514706403
81 1.1544813985555662
82 0.7499158087966781
83 0.36312530908013957
84 0.36312530908013957
85 1.2986401589658174
86 0.32002805130300993
87 1.4196175022145046
88 1.184619185794127
89 2.0675876554036035
90 0.5090099643533357
91 0.8954969070978859
92 1.2632916440164823
93 1.2632916440164823
94 0.7155926439750988
95 0.3428670590124592
96 1.008258313153925
97 1.204638764342099
98 0.6010705279955038
99 0.8724660539789642
100 0.31874844037429934
101 1.3339263451351464
102 0.7239789561653063
103 1.2871041348659582
104 0.46750280615647827
105 1.2497441248001584
106 0.34028114138620935
107 1.336149358869699
108 0.4748724046733608
109 1.5461398235101274
110 1.0250616932938132
111 1.6251465606776003
112 1.6251465606776003
113 0.5934493165079875
114 1.443674754024316
115 1.1331198387276284
116 1.1331198387276284
117 0.9925793832943446
118 0.35819513025368627
119 1.4627361482075172
120 1.4452275853705099
121 0.7285445186532787
122 1.4903015589102633
123 1.1831468029802317
124 0.9248436659848847
125 0.981948567850139
126 0.981948567850139
127 0.6865891381262322
128 1.2548491126926364
129 0.628974451838052
130 1.4932938582622088
131 0.2786915467276472
132 0.19198525227779314
133 1.0693383420989366
134 1.658302829577572
135 0.5259506960245761
136 1.1980232151286179
137 0.5892443228721334
138 1.2120862214606933
139 0.6363972833181765
140 0.5006952598359231
141 1.2847362770586082
142 0.5087238922782942
143 0.4192690846583686
144 0.19339558607777915
145 0.8192726287891097
146 1.0466206695380782
147 0.6238219540189126
148 1.5875009559536675
149 1.269180215979392
150 1.269180215979392
151 1.270329955214998
152 0.6143555390489035
153 0.19315210366736105
154 0.6416813852237551
155 0.5215977272026646
156 1.2011236945535817
157 0.5599405150181124
158 1.0117237776863752
159 1.0117237776863752
160 1.257572723943703
161 1.257572723943703
162 1.0684345412088174
163 0.3790566038476417
164 0.23392836082126822
165 0.5328693550785822
166 0.3677957359380907
167 1.0352962418634843
168 1.0352962418634843
169 0.32874735770223235
170 0.817226819143805
171 0.37843260850506155
172 1.1840654074738068
173 1.6360494269805907
174 1.6360494269805907
175 1.3323508914258728
176 1.3513475247587126
177 0.4029180857953987
178 1.0422249119850544
179 0.6988979768500723
180 0.6988979768500723
181 1.1841648583641682
182 1.4678195367447031
183 0.5140571829920464
184 1.0890988794543197
185 1.7505639042873034
186 1.7505639042873034
187 1.4253600938905384
188 1.4253600938905384
189 1.5146691922846134
190 1.1159097053682598
191 0.49811910225262795
192 1.5206869708066493
193 0.6591585072156624
194 1.0130930869718455
195 1.0130930869718455
196 0.3948249427250941
197 0.9957089482456244
198 0.5198850293124487
199 0.5198850293124487
200 1.2645389196487191
201 0.45996081219827784
202 0.20227924286676932
203 1.3253217826802308
204 1.2464087269761412
205 0.5397821406940959
206 0.39144969522577916
207 1.021629549357035
208 0.9096287493570466
209 0.4912236280969927
210 0.4912236280969927
211 0.6430415519127215
212 1.1729901831254332
213 0.27243170557162244
214 1.2333004309279831
215 0.5782573278553981
216 0.9284259261813458
217 0.3562971054634539
218 1.1999331178892785
219 0.351857246220365
220 0.8178599060936551
221 1.3046732764325246
222 1.3046732764325246
223 0.3419930873169218
224 0.7756619115017154
225 0.37008039598827885
226 0.8529013679985132
227 0.5519511815172337
228 1.1826971595059814
229 1.1826971595059814
230 0.45453496016602596
231 0.7925628642859907
232 0.7619034166576928
233 0.7619034166576928
234 1.426986899942412
235 0.9667061522515499
236 1.3596725041000428
237 0.38434889776969117
238 1.4887356175470146
239 0.4503496739941669
240 0.20340011394013394
241 0.5611166656833336
242 1.109217523370329
243 1.5925869544986557
244 0.9606383302979851
245 0.5831854162692135
246 1.36693468278367
247 0.6672461874096387
248 0.6672461874096387
249 1.1263660262376565
250 0.7653640720192844
251 1.641940363228968
252 0.8841426162490202
253 0.8361378478907354
254 0.8361378478907354
255 0.9315962557213581
256 1.5300124639971617
257 0.6082972682015981
258 0.2809668036917564
259 0.8600946242966785
260 0.18066457913984832
261 0.596398357275611
262 0.32963877890555754
263 1.0663128995614335
264 1.0663128995614335
265 0.9921194519186332
266 1.7961563976949781
267 0.6492613510106935
268 1.1005089522236395
269 0.5107631328689154
270 0.5107631328689154
271 0.9591550221096321
272 0.9591550221096321
273 0.5592252714648535
274 1.2468897580298344
275 0.7560135349205556
276 0.7560135349205556
277 1.6860842679098504
278 1.3663487389010298
279 0.5177266162643049
280 0.17038032664131372
281 0.6225235749167174
282 0.4270815491450554
283 1.0498477442303606
284 1.1733677034877656
285 1.1733677034877656
286 1.192356905922332
287 0.697475968686138
288 0.697475968686138
289 0.35186713792761537
290 0.7086930042433542
291 1.191628072042648
292 1.7057424512693449
293 1.1345769184660481
294 1.3188440730234419
295 1.2336126511729548
296 0.5439992039344688
297 1.3931439447646836
298 1.3931439447646836
299 1.1172231219275206
300 1.521755039126361
301 0.6132186153269037
302 1.0950141791711585
303 1.0292912469149027
304 1.0292912469149027
305 1.1546363442093366
306 0.46649016178179314
307 1.5668993500142494
308 1.4854629381904307
309 0.8509774200319855
310 1.2263247970817188
311 0.7660663618538076
312 1.4418790439100946
313 0.5047760354781345
314 1.0635699168872133
315 0.366464650266976
316 0.6659178168764708
317 1.4110675986887677
318 0.7328394937265827
319 0.20003851375713888
