0 0.5837415224986627
1 0.672549503113035
2 0.6961229741998564
3 0.6809834067620845
4 0.6001769386072419
5 0.7134470899434139
6 0.6569351352907238
7 0.7073293618966134
8 0.7691789060353948
9 0.7397200200823321
10 0.8007930228053036
11 0.6939151545139794
12 0.6355423733964707
13 0.731689409367546
14 0.6201032446168085
15 0.6328785517906489
16 0.7855394449559868
17 0.8511249529323247
18 0.7833329462612342
19 0.6622008159328829
20 0.6477364027152432
21 0.6983297562287405
22 0.7257781711149062
23 0.605937266303367
24 0.6727283851345985
25 0.8083148526517905
26 0.8391195758845373
27 0.7098529998252306
28 0.7219660882800112
29 0.7172991187855944
30 0.8517724823351494
31 0.700204198339794
32 0.7661524444750106
33 0.7619303797928886
34 0.7073817090066449
35 0.8160916516796157
36 0.7962718025451592
37 0.6847968219891041
38 0.7129096101259542
39 0.7720495439250192
40 0.6748984227331818
41 0.6539471923698936
42 0.7286191678932102
43 0.7848844587967314
44 0.8619245755412988
45 0.6063911558289916
46 0.756600657918381
47 0.7612332914964882
48 0.7159309074098615
49 0.5587900261433711
50 0.8137189815445955
51 0.7837546121859509
52 0.9235982232109236
53 0.7422397191108225
54 0.7089382637754329
55 0.76192910992182
56 0.8674387508394561
57 0.7973674923275749
58 0.7802573903214414
59 0.637398237960711
60 0.8449045537667587
61 0.7253454718745254
62 0.7538375373344068
63 0.7678977755892078
64 0.6651213755784579
65 0.5429042726573796
66 0.6880626846574343
67 0.688488033036494
68 0.581557726838555
69 0.6528503046895268
70 0.670899512662403
71 0.5979926203166243
72 0.688799215364498
73 0.6935506678261831
74 0.7576116246422837
75 0.7270783858142954
76 0.7277150785724421
77 0.8588937698872727
78 0.7927253081406083
79 0.6814089748938212
80 0.7719027153567711
81 0.6529418550362937
82 0.7784369580008229
83 0.7054986364212888
84 0.5826226965314881
85 0.6870327709228763
86 0.7438318255452344
87 0.6841978541626612
88 0.536036375035158
89 0.7920365555956788
90 0.6460389331014263
91 0.7302722787981965
92 0.727487934937624
93 0.8219611467758174
94 0.6621437975052324
95 0.6839124837933603
96 0.6374146312918263
97 0.6740178738275021
98 0.6086330275239444
99 0.6480601990626904
100 0.6612997465788584
101 0.6119691694800524
102 0.6644291855618812
103 0.7161392325074505
104 0.5775414517316688
105 0.7422533270196302
106 0.7593356360864623
107 0.7413905726508518
108 0.6153558750316268
109 0.7490733079784454
110 0.6331350433465998
111 0.6332975673846652
112 0.5524417434797335
113 0.6122921829336546
114 0.7308193999304944
115 0.7149582639944059
116 0.5790622988491634
117 0.8318520735129462
118 0.7476153006792325
119 0.7602700180794046
120 0.8886826751909089
121 0.7496330092290336
122 0.7497692114743265
123 0.5749270983292593
124 0.7839810798435041
125 0.7218734284575878
126 0.7474726428076112
127 0.7366049314795832
128 0.6895084808883755
129 0.6335203152717004
130 0.7488572945396046
131 0.6493203000643165
132 0.6107703689391151
133 0.5681510245712732
134 0.6408929719991832
135 0.5228248760539225
136 0.7837328575239949
137 0.7482443350069173
138 0.7565573808495916
139 0.8765040772497713
140 0.7203966413219847
141 0.7498063336717025
142 0.7522712000402957
143 0.7717644346158995
144 0.6745445359714239
145 0.7401346916059008
146 0.7710450921281741
147 0.6249662163956382
148 0.7354363336143973
149 0.786465657849926
150 0.7531351858255205
151 0.712835923168942
152 0.8566445448880756
153 0.7682519717654889
154 0.7216784312617085
155 0.6460603345566774
156 0.7081673098351484
157 0.6734068182587434
158 0.7697270659477978
159 0.6156338803004199
160 0.7187623157713128
161 0.7459103998555787
162 0.6311406362358611
163 0.7464635847458023
164 0.7421777678054939
165 0.8197256313433583
166 0.7538292267574168
167 0.640273900854668
168 0.6655037101866907
169 0.7462458434837154
170 0.6046501869940853
171 0.7355387879766977
172 0.6486955271769108
173 0.5649180773642086
174 0.6876484920920789
175 0.6904762851827092
176 0.44908330585676415
177 0.6601995480862767
178 0.6864605825803431
179 0.7664932162399449
180 0.679842649619734
181 0.822938477784075
182 0.7798160613258974
183 0.6989050789193836
184 0.8279463428747755
185 0.8593948492012684
186 0.7173573442031667
187 0.6277169638186021
188 0.7045921939439541
189 0.677528567851515
190 0.8804202186395176
191 0.753931770803969
192 0.792787504327866
193 0.7591622820336863
194 0.6115275388598893
195 0.7094972997737092
196 0.8008134381694147
197 0.7777987253266991
198 0.7201960446055451
199 0.6187824675736965
200 0.766522426218747
201 0.6882862114098675
202 0.6113687693391208
203 0.7341968592027069
204 0.7651706935286637
205 0.7605572896219872
206 0.8470923875481022
207 0.7868424391004726
208 0.8679873397004931
209 0.7518385936138527
210 0.6959757619103059
211 0.7766151022433754
212 0.6468281013260228
213 0.7185353476488927
214 0.7050667597346697
215 0.6906886438332926
216 0.8316040802930711
217 0.6197775582221495
218 0.7053282845221842
219 0.7621999130804137
220 0.7480941547084125
221 0.7007562597172534
222 0.8482002365981742
223 0.717766789601869
224 0.7756602021497142
225 0.779053647240756
226 0.6084961231961117
227 0.6196052796189728
228 0.5962142254229378
229 0.705270042173037
230 0.7710848417458824
231 0.7600971217753352
232 0.6854636395990436
233 0.770860902682344
234 0.6981699328687434
235 0.657998815814509
236 0.8363675124168647
237 0.7737692828289215
238 0.6151695515009737
239 0.8146957628289684
240 0.7571360002128521
241 0.739108170458748
242 0.7020822101616458
243 0.7497225249463063
244 0.7561991452980693
245 0.5938549154288943
246 0.6938302892549669
247 0.7925496771734425
248 0.7748713530440109
249 0.7472728415295234
250 0.6873272070487121
251 0.690287682180106
252 0.6885152259858303
253 0.7058223871111199
254 0.6665258520173717
255 0.6694311601758138
256 0.7275694109566763
257 0.6153450497844024
258 0.776455798994905
259 0.7746525042222788
260 0.8398116608828368
261 0.7460663329624792
262 0.7629320286211867
263 0.6551063715224535
264 0.6419214766916153
265 0.69097390973845
266 0.8197815093049853
267 0.7976945841512129
268 0.6894112944920335
269 0.6756404777026399
270 0.7200291608322082
271 0.7326834808398487
272 0.641458135718616
273 0.7963740782180273
274 0.9172913792917159
275 0.7184056106154046
276 0.7341435372071918
277 0.7974953902659256
278 0.6725447407572989
279 0.6275829882687252
280 0.7153382778622501
281 0.6127769057427449
282 0.7145551918990117
283 0.6935857226742905
284 0.8089202190053832
285 0.8245765780494528
286 0.7292364734335209
287 0.7272863418185079
288 0.6011230004988446
289 0.6201482743405848
290 0.6885246147708322
291 0.6295549870570178
292 0.5573911915323496
293 0.6234275086865363
294 0.7966803255750858
295 0.6965430334967027
296 0.7164015974803842
297 0.6232860723469413
298 0.7151523168747157
299 0.6150859902759224
300 0.7144731936604203
301 0.6412140409149732
302 0.770015215742687
303 0.7276384176048211
304 0.6927932301835669
305 0.7606139820977695
306 0.6758266701833952
307 0.7703755194615562
308 0.6836212782137858
309 0.7723217396714519
310 0.5945377775404197
311 0.7501182231427466
312 0.6745035459321107
313 0.8132353553957012
314 0.7130830916874445
315 0.6472774533896286
316 0.6803151167865977
317 0.7088462545813203
318 0.7510449731787459
319 0.5758682428816926
