0 0.7054673260248178
1 0.7054673260248178
2 1.052795650501386
3 2.9278376732976037
4 2.9278376732976037
5 0.9551968727148912
6 4.017073809825829
7 4.017073809825829
8 3.3252769061432796
9 1.5523841199870216
10 1.5523841199870216
11 1.580874274110047
12 2.967750270692085
13 2.967750270692085
14 2.543946235918584
15 1.9537448887027868
16 1.9537448887027868
17 2.537358431395716
18 2.537358431395716
19 1.9702221999916834
20 1.9702221999916834
21 1.992325170840628
22 1.992325170840628
23 2.36599039754641
24 2.36599039754641
25 1.9886096066602725
26 1.9886096066602725
27 2.1640210958427537
28 2.1640210958427537
29 2.1825865558854702
30 1.8687958520610584
31 1.9364324430003101
32 1.9364324430003101
33 2.206775950068086
34 2.206775950068086
35 2.2677507595213338
36 2.2677507595213338
37 2.5491805963710124
38 2.5491805963710124
39 2.656423532944091
40 2.656423532944091
41 2.908562751445373
42 2.908562751445373
43 2.9166150310798282
44 1.7638953370870052
45 1.7638953370870052
46 2.0663320817058874
47 2.0663320817058874
48 3.497376175876521
49 3.497376175876521
50 2.75869928682918
51 2.75869928682918
52 3.162782576832626
53 3.162782576832626
54 3.4257130886457148
55 3.4257130886457148
56 3.3014843507415694
57 3.3014843507415694
58 3.5379425789678614
59 3.5379425789678614
60 3.2736410388305184
61 3.2736410388305184
62 3.0241646644392337
63 3.0241646644392337
64 3.26364015533297
65 3.26364015533297
66 2.9869284647937144
67 2.9869284647937144
68 2.742847683441024
69 2.742847683441024
70 2.1800710373612024
71 1.128137661275012
72 2.4249226183026167
73 2.4249226183026167
74 2.0623654611006157
75 2.0623654611006157
76 3.454313861095005
77 3.454313861095005
78 2.810482864799896
79 2.810482864799896
80 2.5778886621453285
81 2.5778886621453285
82 2.7595102061302943
83 2.7595102061302943
84 2.9554833707334103
85 2.9554833707334103
86 1.2397431421239449
87 1.2397431421239449
88 1.0649472145159862
89 1.0649472145159862
90 1.1502531257682458
91 1.1502531257682458
92 1.177312626760242
93 4.015139567593443
94 4.015139567593443
95 2.429434536016257
96 2.5014461544679065
97 2.3801630600900863
98 2.3801630600900863
99 2.455431709349444
100 2.455431709349444
101 2.171878402591767
102 2.171878402591767
103 2.63766750701152
104 2.63766750701152
105 2.341730922004489
106 2.341730922004489
107 2.673297775161782
108 2.673297775161782
109 2.6662598009593848
110 2.6662598009593848
111 2.2283729717980116
112 2.2283729717980116
113 2.7563686010192407
114 3.0828748047771355
115 3.0828748047771355
116 2.7333249472738363
117 2.5826744675380366
118 3.052350290254841
119 3.052350290254841
120 2.8308551672713453
121 2.8308551672713453
122 2.57923214640376
123 2.57923214640376
124 1.7015315264340933
125 3.09419806261709
126 3.09419806261709
127 3.027692681733758
128 1.34300629012365
129 1.34300629012365
130 1.51415865863877
131 1.51415865863877
132 1.72799895230981
133 2.9531613441412126
134 2.9531613441412126
135 3.2272614075194377
136 3.2272614075194377
137 3.397340165013993
138 3.397340165013993
139 3.5802386933399846
140 3.5802386933399846
141 2.839543542273994
142 2.839543542273994
143 3.409683877686277
144 3.409683877686277
145 3.485321578273316
146 3.485321578273316
147 3.1165416939470396
148 3.1165416939470396
149 3.433395595526754
150 3.433395595526754
151 3.7881502767681914
152 3.7881502767681914
153 3.2737542052967536
154 3.2737542052967536
155 3.881711834004504
156 3.881711834004504
157 3.593914069573174
158 3.593914069573174
159 3.6175701927006574
160 3.6175701927006574
161 3.746920776515576
162 3.7724829310387986
163 3.7724829310387986
164 3.7101390963190513
165 2.408373981245824
166 1.394688558803911
167 1.394688558803911
168 2.1813178407770843
169 2.1813178407770843
170 2.0791860643268962
171 2.0791860643268962
172 3.109447955513609
173 3.109447955513609
174 2.9590056290122737
175 2.9590056290122737
176 2.8873594786597723
177 2.8873594786597723
178 2.573703984820549
179 2.573703984820549
180 2.636035755893165
181 2.636035755893165
182 1.5966494533858535
183 1.5966494533858535
184 1.6529144840090824
185 2.7431837183057146
186 2.7431837183057146
187 2.0916863590583383
188 2.0916863590583383
189 2.269120149966413
190 2.269120149966413
191 2.3356311332464923
192 1.6375029814820148
193 1.6375029814820148
194 2.9933045299980328
195 2.9933045299980328
196 3.35946726600658
197 3.35946726600658
198 2.760774762796707
199 2.760774762796707
200 2.806465248706186
201 2.806465248706186
202 2.8714881813045263
203 2.8714881813045263
204 3.5337101939812903
205 3.5337101939812903
206 1.8632336899391575
207 3.226307177287462
208 3.226307177287462
209 3.259189976913078
210 3.259189976913078
211 3.034503974317578
212 3.034503974317578
213 1.588288160252382
214 1.588288160252382
215 2.9525801939886827
216 1.4961272398606906
217 1.4961272398606906
218 1.614173119662782
219 1.614173119662782
220 1.441028353743864
221 1.441028353743864
222 1.3777853932870714
223 1.3777853932870714
224 1.573786537672899
225 1.573786537672899
226 1.7383224976741904
227 1.7383224976741904
228 1.5473842360197785
229 1.5473842360197785
230 1.8649617056451044
231 1.8649617056451044
232 3.2414374083516204
233 3.2414374083516204
234 3.4260649032249093
235 3.4260649032249093
236 3.1510611939793414
237 3.1510611939793414
238 2.5859014219628897
239 2.5859014219628897
240 2.4183157482681463
241 2.4183157482681463
242 3.217678078813287
243 3.217678078813287
244 2.9844839142403656
245 2.9844839142403656
246 2.26280949197143
247 2.3303389553722935
248 2.3303389553722935
249 1.616021090752771
250 1.616021090752771
251 1.67337908584195
252 1.67337908584195
253 1.9374172715723896
254 1.9374172715723896
255 1.2951248910380044
256 1.2951248910380044
257 1.9724570429543726
258 1.9724570429543726
259 1.8810901777436444
260 1.8810901777436444
261 1.930230470768485
262 1.930230470768485
263 0.8314422535057663
264 0.8314422535057663
265 0.7094417529780763
266 0.7094417529780763
267 0.7324708597978141
268 0.7324708597978141
269 0.7980831672357105
270 0.7980831672357105
271 0.698571329840115
272 0.698571329840115
273 0.6837809640069893
274 0.6837809640069893
275 0.7841751239667403
276 0.7841751239667403
277 0.6757134153637573
278 0.6757134153637573
279 3.253324394435293
280 1.146246319733375
281 3.1296103485319375
282 3.1296103485319375
283 3.415112911255584
284 3.415112911255584
285 2.788602330041962
286 1.607551312474834
287 2.504900161921469
288 2.504900161921469
289 2.1634610704186215
290 2.1634610704186215
291 2.2092869996604025
292 2.2092869996604025
293 2.1414341738817773
294 2.1414341738817773
295 1.8038665594819754
296 1.8038665594819754
297 2.0075787552824327
298 2.0075787552824327
299 1.7965539956574452
300 1.7965539956574452
301 2.230124729411928
302 3.3425738863154737
303 3.3425738863154737
304 1.1293069815800476
305 1.1293069815800476
306 1.4571466055226543
307 1.4571466055226543
308 1.895077657479557
309 1.895077657479557
310 1.7910810657246785
311 1.7910810657246785
312 2.028438714876546
313 2.028438714876546
314 1.9329988612218707
315 1.9329988612218707
316 1.7935390008524605
317 1.7935390008524605
318 1.8023266252743355
319 1.8023266252743355
