0 0.5298929272800593
1 0.5298929272800593
2 0.5454446678936752
3 0.5454446678936752
4 0.4947128579356065
5 0.38993104589116584
6 0.38993104589116584
7 0.44028437685231997
8 0.44028437685231997
9 0.352706823836071
10 0.352706823836071
11 0.49192830932508835
12 0.49192830932508835
13 0.47458993559227564
14 0.47458993559227564
15 0.4522315076155
16 0.4522315076155
17 0.42179778680258584
18 0.42179778680258584
19 0.388184231659489
20 0.388184231659489
21 0.4168492209772299
22 0.4168492209772299
23 0.41524381144331796
24 0.255366138021282
25 0.255366138021282
26 0.30067646076276316
27 0.30067646076276316
28 0.28491212582765996
29 0.28491212582765996
30 0.24941459405945393
31 0.24941459405945393
32 0.29310155413318434
33 0.29310155413318434
34 0.2675186353151312
35 0.2675186353151312
36 0.2480514555391234
37 0.2480514555391234
38 0.2448971380488194
39 0.2448971380488194
40 0.31879504963536404
41 0.31879504963536404
42 0.26456479517010384
43 0.26456479517010384
44 0.2972300536911057
45 0.2972300536911057
46 0.2830372856660892
47 0.2830372856660892
48 0.2731751451329068
49 0.4096179895438941
50 0.4096179895438941
51 0.45478765470581484
52 0.45478765470581484
53 0.30985988331249253
54 0.30985988331249253
55 0.4748468228507049
56 0.4748468228507049
57 0.3897266464975756
58 0.26371240891847003
59 0.26371240891847003
60 0.22471610046412194
61 0.22471610046412194
62 0.24271137208962906
63 0.24271137208962906
64 0.2226379616417838
65 0.2226379616417838
66 0.24862736948379813
67 0.24862736948379813
68 0.2154529577395613
69 0.2154529577395613
70 0.21596114872530467
71 0.21596114872530467
72 0.21679645134285053
73 0.21679645134285053
74 0.2720501923918147
75 0.4504468738450894
76 0.4504468738450894
77 0.5010607890356233
78 0.5010607890356233
79 0.4691090316040899
80 0.4691090316040899
81 0.5288566488644512
82 0.5288566488644512
83 0.47097247661515135
84 0.47097247661515135
85 0.566049327760652
86 0.566049327760652
87 0.42728273461099725
88 0.42728273461099725
89 0.44615651349853735
90 0.44615651349853735
91 0.36169261696386756
92 0.36169261696386756
93 0.479227632101166
94 0.479227632101166
95 0.46418990935625487
96 0.46418990935625487
97 0.41140682925264116
98 0.41140682925264116
99 0.4881539686191594
100 0.4881539686191594
101 0.4159716719827543
102 0.4159716719827543
103 0.5314205376359087
104 0.3793339356864507
105 0.3793339356864507
106 0.33518595442157495
107 0.33518595442157495
108 0.28676949736199087
109 0.28676949736199087
110 0.38580225081503233
111 0.38580225081503233
112 0.3652869543773476
113 0.3652869543773476
114 0.30422579477112743
115 0.30422579477112743
116 0.35500518593611646
117 0.35500518593611646
118 0.37687472893101265
119 0.37687472893101265
120 0.38080721665736883
121 0.38080721665736883
122 0.3491001323162737
123 0.3491001323162737
124 0.38006327797117173
125 0.38006327797117173
126 0.3642884874462239
127 0.3642884874462239
128 0.3662448709770162
129 0.3662448709770162
130 0.22459712157161274
131 0.22459712157161274
132 0.24528779768194917
133 0.24528779768194917
134 0.20744797880944965
135 0.20744797880944965
136 0.22604736847247628
137 0.22604736847247628
138 0.2631238967804744
139 0.2631238967804744
140 0.2573549030023314
141 0.2573549030023314
142 0.42375557560107247
143 0.42375557560107247
144 0.48960368286297473
145 0.48960368286297473
146 0.3695715141808176
147 0.3695715141808176
148 0.4766564552309258
149 0.4766564552309258
150 0.4317196767674189
151 0.4317196767674189
152 0.5093092936318536
153 0.5093092936318536
154 0.4020231102011873
155 0.4020231102011873
156 0.5050103089403697
157 0.5050103089403697
158 0.490035265027556
159 0.490035265027556
160 0.44734455617102664
161 0.44734455617102664
162 0.4591808741600992
163 0.4591808741600992
164 0.45398697576841335
165 0.45398697576841335
166 0.42186026173205793
167 0.42186026173205793
168 0.6129747701012239
169 0.6129747701012239
170 0.5696296818219776
171 0.5696296818219776
172 0.545910707985846
173 0.545910707985846
174 0.5159841900977193
175 0.5159841900977193
176 0.5279127080468351
177 0.5279127080468351
178 0.5145328824759476
179 0.5145328824759476
180 0.45173241004171494
181 0.45173241004171494
182 0.5801843204869257
183 0.4910383195202044
184 0.4910383195202044
185 0.509161650231049
186 0.509161650231049
187 0.497039096012475
188 0.497039096012475
189 0.3711169386998501
190 0.3711169386998501
191 0.46816546269116865
192 0.46816546269116865
193 0.419360834814605
194 0.3319126236575974
195 0.3319126236575974
196 0.41156037189922545
197 0.41156037189922545
198 0.3596590589226403
199 0.3596590589226403
200 0.3677687646248074
201 0.3677687646248074
202 0.2917479697033458
203 0.2917479697033458
204 0.35503985283784395
205 0.35503985283784395
206 0.3708963400931415
207 0.3708963400931415
208 0.37700090050738505
209 0.37700090050738505
210 0.36439131912312006
211 0.36439131912312006
212 0.39763302360866515
213 0.39763302360866515
214 0.35288029029443313
215 0.35288029029443313
216 0.32946035287262204
217 0.32946035287262204
218 0.30809952071309377
219 0.30809952071309377
220 0.38985198757526646
221 0.38985198757526646
222 0.39307477496728266
223 0.39307477496728266
224 0.3560593894160483
225 0.3560593894160483
226 0.35515218223122486
227 0.35515218223122486
228 0.33645323587906983
229 0.33645323587906983
230 0.43856836188569576
231 0.43856836188569576
232 0.46116713375820756
233 0.46116713375820756
234 0.43676725642647574
235 0.43676725642647574
236 0.43164843452930646
237 0.41926716595452207
238 0.41926716595452207
239 0.5197485234219473
240 0.5197485234219473
241 0.47617786498917225
242 0.47617786498917225
243 0.5717843345494174
244 0.5717843345494174
245 0.47750710598471496
246 0.47750710598471496
247 0.4505577027720457
248 0.4505577027720457
249 0.41384810198199545
250 0.41384810198199545
251 0.3080690084685727
252 0.3080690084685727
253 0.3176380536926211
254 0.3176380536926211
255 0.3075024025952074
256 0.3075024025952074
257 0.3418801910531454
258 0.3418801910531454
259 0.285043683657591
260 0.285043683657591
261 0.2931743591435982
262 0.2931743591435982
263 0.2553697196929118
264 0.2553697196929118
265 0.26441267515186173
266 0.26441267515186173
267 0.3123765693801328
268 0.3123765693801328
269 0.5331740210721891
270 0.5331740210721891
271 0.47378385938041356
272 0.47378385938041356
273 0.4873190345214005
274 0.4873190345214005
275 0.34727952660763206
276 0.34727952660763206
277 0.5131292569021924
278 0.5131292569021924
279 0.30159088367115244
280 0.30159088367115244
281 0.3347050850148378
282 0.3347050850148378
283 0.30056748892554475
284 0.30056748892554475
285 0.3465204711494325
286 0.3465204711494325
287 0.34229569812056554
288 0.34229569812056554
289 0.30079954700313216
290 0.30079954700313216
291 0.32474701927265576
292 0.32474701927265576
293 0.27228800516329255
294 0.27228800516329255
295 0.5347466692133095
296 0.5347466692133095
297 0.44861344239532047
298 0.44861344239532047
299 0.4459715536424525
300 0.4459715536424525
301 0.4464463684921118
302 0.4464463684921118
303 0.49728446094707923
304 0.49728446094707923
305 0.49845110122397296
306 0.49845110122397296
307 0.4540031797668356
308 0.4540031797668356
309 0.54189491976422
310 0.4385319523770841
311 0.4385319523770841
312 0.42784515681353613
313 0.42784515681353613
314 0.4320609363528888
315 0.5682497715380804
316 0.5682497715380804
317 0.5135447866518548
318 0.5135447866518548
319 0.49268977277423387
