0 4.253115598711318
1 4.187089557045814
2 4.187089557045814
3 4.187089557045814
4 4.187089557045814
5 2.6155093731792984
6 6.647211773083223
7 4.279455793515731
8 1.3287268523562137
9 1.3287268523562137
10 1.3287268523562137
11 1.3287268523562137
12 7.26918223191389
13 7.26918223191389
14 7.26918223191389
15 7.26918223191389
16 5.106680804256918
17 4.804051385349533
18 4.804051385349533
19 4.804051385349533
20 4.804051385349533
21 2.2755799712783205
22 4.524213854806733
23 4.524213854806733
24 4.524213854806733
25 4.524213854806733
26 4.40818953665617
27 4.40818953665617
28 4.40818953665617
29 4.40818953665617
30 0.1
31 4.166005296257618
32 4.166005296257618
33 4.166005296257618
34 4.166005296257618
35 3.8515379146156232
36 3.8515379146156232
37 3.8515379146156232
38 7.575276632031734
39 7.575276632031734
40 7.575276632031734
41 7.575276632031734
42 4.411050356650188
43 4.411050356650188
44 4.411050356650188
45 4.411050356650188
46 5.643165247031619
47 5.643165247031619
48 5.643165247031619
49 5.643165247031619
50 4.985386225587326
51 4.985386225587326
52 6.680682471651995
53 6.680682471651995
54 4.1576841155964
55 4.1576841155964
56 4.1576841155964
57 4.1576841155964
58 4.809088935408132
59 4.809088935408132
60 7.809716290032679
61 7.452857247333865
62 7.452857247333865
63 7.452857247333865
64 7.452857247333865
65 6.33089389587821
66 6.33089389587821
67 6.33089389587821
68 6.33089389587821
69 1.742869552579836
70 1.742869552579836
71 3.9223687430663756
72 4.416209554608029
73 4.416209554608029
74 2.7753855461885606
75 2.7753855461885606
76 2.7753855461885606
77 2.7753855461885606
78 7.636482667888166
79 7.636482667888166
80 7.636482667888166
81 7.636482667888166
82 7.481107443039066
83 7.481107443039066
84 7.481107443039066
85 4.86815655904314
86 4.86815655904314
87 4.86815655904314
88 5.611005998072405
89 0.1
90 0.1
91 0.1
92 4.5912116473641325
93 4.5912116473641325
94 4.5912116473641325
95 4.5912116473641325
96 5.514004967038944
97 5.514004967038944
98 5.514004967038944
99 5.514004967038944
100 2.6123747795060375
101 2.668912575772412
102 2.668912575772412
103 2.668912575772412
104 5.014491534012044
105 5.014491534012044
106 5.014491534012044
107 5.014491534012044
108 5.682370084792218
109 5.682370084792218
110 5.682370084792218
111 5.682370084792218
112 3.0653125502425134
113 3.711244854192411
114 3.711244854192411
115 3.711244854192411
116 3.711244854192411
117 3.6392555144163503
118 3.6392555144163503
119 3.6392555144163503
120 3.6392555144163503
121 5.572488317522195
122 5.572488317522195
123 3.193851002677594
124 3.193851002677594
125 3.193851002677594
126 3.193851002677594
127 4.7357560765392135
128 1.7676653590106781
129 1.7676653590106781
130 2.432381326791722
131 2.432381326791722
132 2.432381326791722
133 2.432381326791722
134 4.464415064251403
135 1.5157265877507928
136 1.5157265877507928
137 1.5157265877507928
138 1.5157265877507928
139 4.244369223991431
140 4.244369223991431
141 4.244369223991431
142 4.244369223991431
143 3.1029273135017847
144 3.1029273135017847
145 6.966014874999479
146 6.966014874999479
147 6.966014874999479
148 6.966014874999479
149 2.647303100449151
150 3.308280555423787
151 3.308280555423787
152 3.308280555423787
153 3.308280555423787
154 2.199739868980208
155 2.199739868980208
156 2.199739868980208
157 2.199739868980208
158 3.2307126789164577
159 3.2307126789164577
160 3.2307126789164577
161 3.2307126789164577
162 4.730319968533886
163 2.3928190910489615
164 2.3928190910489615
165 2.3928190910489615
166 2.3928190910489615
167 1.1537957278424118
168 1.1537957278424118
169 0.1
170 0.1
171 5.623313857103971
172 5.623313857103971
173 5.623313857103971
174 4.7657668954904775
175 4.7657668954904775
176 4.7657668954904775
177 6.63490527492605
178 6.63490527492605
179 2.3574253254440376
180 4.7607763442302256
181 4.7607763442302256
182 4.7607763442302256
183 6.0537307280341155
184 6.0537307280341155
185 5.2889247713731296
186 5.2889247713731296
187 5.806669680131398
188 5.806669680131398
189 5.806669680131398
190 5.806669680131398
191 2.625677330322329
192 2.625677330322329
193 2.9717196839163766
194 2.9717196839163766
195 2.9717196839163766
196 2.9717196839163766
197 3.958381218426739
198 3.958381218426739
199 3.958381218426739
200 3.958381218426739
201 3.577099342614348
202 3.577099342614348
203 3.577099342614348
204 3.577099342614348
205 4.925077270445134
206 4.925077270445134
207 4.993252733014395
208 4.993252733014395
209 4.993252733014395
210 4.993252733014395
211 3.605987223807815
212 2.69311658879743
213 2.69311658879743
214 2.69311658879743
215 2.69311658879743
216 7.74183512932645
217 7.74183512932645
218 7.74183512932645
219 4.477095603618737
220 4.477095603618737
221 4.477095603618737
222 5.297978690859125
223 5.297978690859125
224 5.297978690859125
225 5.297978690859125
226 6.539250684793561
227 6.539250684793561
228 6.539250684793561
229 6.539250684793561
230 4.987201820292296
231 4.987201820292296
232 2.890381196463421
233 2.890381196463421
234 2.890381196463421
235 2.890381196463421
236 3.859389888638819
237 3.859389888638819
238 3.859389888638819
239 3.859389888638819
240 4.822749322202598
241 4.822749322202598
242 4.822749322202598
243 6.242593281181983
244 6.242593281181983
245 6.242593281181983
246 6.242593281181983
247 3.1995084485052936
248 4.804689278275465
249 4.804689278275465
250 1.5294430223194206
251 1.5294430223194206
252 6.314664032837877
253 6.314664032837877
254 6.314664032837877
255 6.314664032837877
256 5.42039611750737
257 5.42039611750737
258 5.42039611750737
259 5.42039611750737
260 2.8035439098112507
261 2.8035439098112507
262 2.8035439098112507
263 2.8035439098112507
264 4.206124688261389
265 4.206124688261389
266 4.206124688261389
267 4.459939576548875
268 4.459939576548875
269 5.413456723114876
270 5.413456723114876
271 5.413456723114876
272 5.413456723114876
273 5.411282054878137
274 5.411282054878137
275 5.411282054878137
276 5.411282054878137
277 3.7312332759321336
278 3.7312332759321336
279 3.7312332759321336
280 6.3454659116149195
281 6.3454659116149195
282 6.3454659116149195
283 2.044110177159875
284 4.909708832191691
285 4.909708832191691
286 4.909708832191691
287 4.909708832191691
288 2.9664122193610947
289 2.9664122193610947
290 7.614034672925005
291 7.614034672925005
292 7.614034672925005
293 7.614034672925005
294 1.9580026568826159
295 1.9580026568826159
296 6.098122165747309
297 5.126615678354142
298 5.126615678354142
299 5.025497776153026
300 1.788258657068104
301 1.788258657068104
302 1.788258657068104
303 6.438973891029583
304 6.438973891029583
305 6.438973891029583
306 6.438973891029583
307 4.8403600296818325
308 4.8403600296818325
309 4.8403600296818325
310 0.1
311 0.1
312 0.1
313 0.1
314 4.718047654205182
315 4.718047654205182
316 4.718047654205182
317 4.2854004404520545
318 4.2854004404520545
319 4.2854004404520545
