0 1.405913071611899
1 0.9800244472132638
2 1.6552412676450439
3 2.409961763965578
4 0.9323746494166008
5 2.126855829885113
6 3.007955937621656
7 3.660325882851664
8 3.054502707440941
9 0.8398036128781441
10 4.3665924640165805
11 3.1026462668440256
12 2.2612238607020703
13 0.20226327452845716
14 2.158426565731995
15 2.2135164005167187
16 4.822246678607939
17 3.204454726144053
18 1.9388137896062747
19 2.166471009747731
20 2.0476308969404577
21 1.6134971377635672
22 1.2827458945959873
23 3.2805013943845056
24 2.604172451712559
25 4.244610839706425
26 1.6552975958349296
27 4.872502278410146
28 1.8345474883472859
29 0.9700749606219881
30 1.6802318220969537
31 2.156652005996175
32 3.530267991894755
33 4.71393726163943
34 2.999733346657674
35 2.923941152434744
36 4.323657509486082
37 4.3570988506042685
38 2.6392082798040923
39 3.187328391930216
40 3.8027635606212127
41 2.3724201531972073
42 5.015437771345245
43 3.0519209131659792
44 5.549273392057247
45 3.6166181308385155
46 5.7473223513426985
47 4.775055801951696
48 2.889691524634905
49 5.348160723369641
50 5.335920616081522
51 4.776601639990606
52 2.0229237253243415
53 0.729801258628
54 3.085212755176643
55 2.7656886519194788
56 3.656925124819602
57 3.459545584691638
58 3.8634404982101502
59 3.555631887971758
60 2.67836007336901
61 2.8715834989674107
62 4.0492544949548055
63 3.4955258512041003
64 2.3389577402039947
65 2.813243138419649
66 3.843486999320805
67 3.410772185430076
68 0.2910456672665973
69 0.1
70 4.171904411550339
71 2.2529162081563263
72 1.5989770300592538
73 2.5215655084359914
74 3.2555928030947383
75 2.8726368680364915
76 3.64105761953213
77 3.096775230913161
78 4.536134929391728
79 3.8026247487323204
80 1.025003605945118
81 1.342904240925907
82 2.721229164869432
83 4.184807901498672
84 2.714946072532318
85 0.7824982311999777
86 0.5812926412367729
87 2.9591101669434154
88 2.57798322075441
89 2.6095200898975377
90 1.9002672715454543
91 3.3962812476156596
92 4.703008621158918
93 3.344954247159162
94 2.7436635280383395
95 3.3356914606586163
96 4.622238576760932
97 3.287789872640606
98 0.971336110707256
99 1.873468631763722
100 3.1278299898888404
101 0.698720206737768
102 1.506783343823548
103 4.275973805039965
104 3.752029064614588
105 5.259524447657979
106 2.0168469554441586
107 2.4714581912322036
108 6.418646171396835
109 5.898511873896416
110 4.1998966973692955
111 6.53244324589282
112 2.962705767722544
113 3.864800141074016
114 3.657425983328421
115 3.0587336524611874
116 2.626743348573103
117 3.7566880319244147
118 2.205118499844045
119 2.933777892853821
120 1.4926991837413803
121 3.5959754951001672
122 1.2200651250956385
123 3.9098502118908423
124 3.20221243630387
125 1.5188470324552754
126 2.9853987449495265
127 2.872877390891343
128 3.864296466129637
129 3.3249779563820967
130 3.5612147010426725
131 4.0378352495251075
132 3.512292479599404
133 4.71741883454554
134 2.401925620145673
135 4.360682162908362
136 1.1108440842077316
137 1.286703943684452
138 3.2078328624177823
139 4.546777655482687
140 3.1203240325149073
141 1.38521947745285
142 2.136000601092444
143 2.048891212240817
144 2.814188878383364
145 3.4784811788838703
146 3.2092665162395395
147 0.8645764389405608
148 4.371278835431244
149 1.2133868837826527
150 1.7862075392378471
151 1.8072280925982496
152 1.368822187179582
153 2.097151792606766
154 5.095628223420155
155 3.8377846119247057
156 2.8591548441668415
157 3.1803654067163083
158 5.1009017436167206
159 5.390160736660993
160 1.2567993339137704
161 3.096056717530977
162 2.4075821379947335
163 1.2480281981694406
164 3.111513040505584
165 2.522633056121699
166 0.5752349805998704
167 1.869138495244381
168 2.8450568810749015
169 2.8921566001326426
170 1.6794884906712517
171 2.6382706260757214
172 2.6912205026116385
173 1.6864357425526881
174 2.7050409463604375
175 5.0565641127634136
176 3.3802213958714207
177 3.5070212038020667
178 2.2265233061952854
179 5.05706981090689
180 2.7851803054453
181 2.789889985665193
182 2.4319175746610684
183 2.614009832272643
184 3.72150227589242
185 1.043743906923015
186 2.739798373906572
187 2.451200920779638
188 1.9036298201989181
189 4.036646894536937
190 3.7178439883043883
191 4.72404302038859
192 3.652450211376701
193 0.1266039789897766
194 2.55999660163215
195 3.2785066369538085
196 4.809970865239666
197 6.005464522701533
198 4.82990020657323
199 4.595724871084259
200 4.626127741338058
201 2.643288298753059
202 1.8523573401343807
203 2.1472549022880867
204 4.018833868837571
205 3.766790697160942
206 3.1125978114189543
207 2.9709181498187816
208 1.5498996547756623
209 3.0993438309576113
210 2.8912263541585457
211 0.1
212 1.6719547526373968
213 1.7209322937010967
214 2.0026030083772803
215 0.36280604645924797
216 0.6288305450357248
217 4.126553347413004
218 4.241003721090992
219 1.3924055047118309
220 0.1
221 3.7359634592469195
222 5.41557302919904
223 2.8067690214131527
224 2.6154394786120987
225 1.7451506963376897
226 3.1778056345393026
227 4.69944237808742
228 1.3610243096232175
229 4.2024240709863045
230 4.382110914512888
231 0.1488789663295611
232 1.153248703108328
233 2.8675367225237314
234 1.6065955291565275
235 2.838440256995993
236 1.3301872589505601
237 1.7972533194515463
238 3.5762061083138765
239 3.2174881064328127
240 1.4694626120311933
241 3.6378092045768478
242 4.244933429909469
243 4.853537477521343
244 1.0588298493902435
245 1.6806921060869877
246 2.442662516056629
247 3.3244381248668677
248 2.547141156205322
249 2.584779046144878
250 1.6963481614575788
251 4.063591698526989
252 4.080486726539984
253 2.81360280718339
254 0.1
255 1.55975186127963
256 2.838406979533138
257 1.283046438698023
258 5.485279100276505
259 0.9750125546019117
260 0.1
261 1.6983669965988994
262 0.8772190814465892
263 4.051418347679571
264 3.1181472551295433
265 4.910055584638464
266 1.7796351096023655
267 1.6550908517024099
268 3.0266274696299575
269 0.3823546031909033
270 4.102212644871909
271 0.1
272 3.2549419475702495
273 1.9476234672676591
274 1.2605282334847077
275 1.714402782351144
276 3.14238495645441
277 3.859017448805071
278 1.9719827667284715
279 0.7309458089747642
280 2.2988911204917466
281 0.13247281319691906
282 2.4596390100385603
283 3.618885010067869
284 3.630679946799477
285 1.059146224578866
286 3.8658993496157468
287 2.3983994615209574
288 1.5229816974336423
289 1.5395382938610969
290 3.684903198375495
291 6.110139659670311
292 2.9134308275357186
293 2.049328680126172
294 3.9022807085036018
295 2.671889487326959
296 2.1761441622274997
297 2.5978383784159664
298 6.073839647180286
299 1.8410716482449325
300 2.6407819854160306
301 0.1
302 4.2583722920269595
303 3.3078575387710867
304 5.117464278345608
305 6.17760734867748
306 1.50343061907369
307 3.6968208640416402
308 3.13632829578481
309 1.1188106809068024
310 3.1511863529143076
311 3.0322682916495602
312 1.7439425655016962
313 3.7693364166649017
314 4.018911172031242
315 4.7917170083450165
316 1.2635347345074894
317 0.1
318 2.8179100012993388
319 0.891598124862192
