0 1.1766447495677805
1 1.2372647449801295
2 1.2372647449801295
3 1.2372647449801295
4 1.2372647449801295
5 1.221085414663596
6 1.221085414663596
7 1.33998744300686
8 1.33998744300686
9 1.33998744300686
10 1.33998744300686
11 1.1839341247049102
12 1.1839341247049102
13 1.1839341247049102
14 1.1839341247049102
15 1.033136077755159
16 1.033136077755159
17 1.033136077755159
18 1.3326551880689104
19 1.3326551880689104
20 1.3326551880689104
21 1.3326551880689104
22 1.2014114759519061
23 1.2014114759519061
24 1.2014114759519061
25 1.2014114759519061
26 1.212241789038977
27 1.2014189998267353
28 1.2014189998267353
29 1.2014189998267353
30 1.336246277154118
31 1.2018151920841236
32 1.0575408575965062
33 1.3016695772927354
34 1.3016695772927354
35 1.3016695772927354
36 1.3016695772927354
37 1.3293791896370801
38 1.3293791896370801
39 0.9142048218087172
40 0.9142048218087172
41 0.9142048218087172
42 0.9142048218087172
43 1.144198153475921
44 1.144198153475921
45 1.0387116223433246
46 1.0387116223433246
47 1.0387116223433246
48 1.0387116223433246
49 1.1875161853701772
50 1.1875161853701772
51 1.1875161853701772
52 1.1875161853701772
53 1.3625580119691088
54 1.4945756760703
55 1.4945756760703
56 1.4945756760703
57 1.4945756760703
58 1.530610887115934
59 1.530610887115934
60 1.530610887115934
61 1.1280796265442474
62 1.1280796265442474
63 1.1280796265442474
64 1.1280796265442474
65 1.1326537320073318
66 1.1326537320073318
67 1.1326537320073318
68 1.1326537320073318
69 1.0967948506637364
70 1.2740932669399787
71 1.2740932669399787
72 1.2015921318063607
73 1.2015921318063607
74 1.2015921318063607
75 1.2015921318063607
76 0.9535041394449028
77 0.9535041394449028
78 0.9535041394449028
79 0.9535041394449028
80 1.1537135177005708
81 1.0799700726716064
82 1.402299211296746
83 1.402299211296746
84 1.402299211296746
85 1.402299211296746
86 1.5023548579083252
87 1.4525820128728293
88 1.1410961911573714
89 1.1410961911573714
90 1.2995802100844511
91 1.227058052444827
92 1.3761570066539806
93 1.3761570066539806
94 1.3761570066539806
95 1.3761570066539806
96 1.309888636625836
97 1.309888636625836
98 1.2887373589202016
99 1.2887373589202016
100 1.2887373589202016
101 1.258197156510766
102 1.258197156510766
103 1.258197156510766
104 1.258197156510766
105 1.2308216192644361
106 1.2308216192644361
107 1.079287827124407
108 1.079287827124407
109 1.2485165641953562
110 1.2485165641953562
111 1.1200102790053992
112 1.1200102790053992
113 1.1200102790053992
114 1.1960470893407145
115 1.2102850280790955
116 1.2102850280790955
117 1.2102850280790955
118 1.2102850280790955
119 1.2993362106046722
120 1.2993362106046722
121 1.2993362106046722
122 1.2275763750051507
123 1.2275763750051507
124 1.2275763750051507
125 1.2275763750051507
126 1.271650804245409
127 1.2867425352585604
128 1.2867425352585604
129 1.2867425352585604
130 1.2867425352585604
131 1.165467194809672
132 1.165467194809672
133 1.165467194809672
134 1.165467194809672
135 1.0939851848558981
136 1.0939851848558981
137 1.0939851848558981
138 1.2325049637124312
139 1.2325049637124312
140 1.2325049637124312
141 1.2325049637124312
142 1.1073908090404254
143 1.1073908090404254
144 1.1073908090404254
145 0.9695774393514556
146 0.9695774393514556
147 0.9695774393514556
148 0.9695774393514556
149 1.2383957370079104
150 1.2383957370079104
151 1.2383957370079104
152 1.2383957370079104
153 1.1000409231600394
154 1.1401035211405761
155 1.3794909562230773
156 1.3794909562230773
157 1.3794909562230773
158 1.3794909562230773
159 1.251146505802286
160 1.4913711583890836
161 1.3040189171450656
162 1.3040189171450656
163 1.3040189171450656
164 1.3040189171450656
165 1.260973080147332
166 1.2790872860710676
167 1.2790872860710676
168 1.2790872860710676
169 1.2790872860710676
170 1.3933273738660403
171 1.3933273738660403
172 1.3933273738660403
173 1.3519860277936027
174 1.3709772681896104
175 0.880703079449461
176 0.880703079449461
177 0.880703079449461
178 0.9928860689073674
179 0.9928860689073674
180 1.3239816542508585
181 1.3689075281874559
182 1.2237806387491297
183 1.2803772975908725
184 1.2803772975908725
185 1.0807575032336731
186 1.0807575032336731
187 1.0807575032336731
188 1.0807575032336731
189 1.2440455635179695
190 1.3363610079980042
191 1.3363610079980042
192 1.3363610079980042
193 1.3642401305380134
194 1.3642401305380134
195 1.3642401305380134
196 1.3642401305380134
197 1.179732044122226
198 1.179732044122226
199 1.2141216982870606
200 1.2141216982870606
201 1.1426564878132277
202 1.1426564878132277
203 1.1426564878132277
204 1.1426564878132277
205 1.1390563812092835
206 1.3442066005937747
207 1.3442066005937747
208 1.21088005178131
209 1.21088005178131
210 1.21088005178131
211 1.21088005178131
212 1.3972705080634913
213 1.3972705080634913
214 1.3972705080634913
215 1.3972705080634913
216 1.2749551816841507
217 1.2749551816841507
218 1.2749551816841507
219 1.2749551816841507
220 1.2546253842133455
221 1.3314308195823128
222 1.3314308195823128
223 1.3314308195823128
224 1.3314308195823128
225 1.3831739744405827
226 1.3831739744405827
227 1.3831739744405827
228 1.3831739744405827
229 1.1729044430972653
230 1.1729044430972653
231 1.1729044430972653
232 1.1729044430972653
233 1.3821009345275828
234 1.3821009345275828
235 1.4519452156137191
236 1.4519452156137191
237 1.4519452156137191
238 1.4519452156137191
239 1.08608732569494
240 1.263209271900997
241 1.263209271900997
242 1.263209271900997
243 1.263209271900997
244 0.846841115151657
245 0.846841115151657
246 1.1177211176512425
247 1.1177211176512425
248 1.1177211176512425
249 1.1177211176512425
250 1.2931161487873564
251 1.2931161487873564
252 1.2931161487873564
253 1.2931161487873564
254 1.053714193978318
255 1.053714193978318
256 1.053714193978318
257 1.2205934059418226
258 1.2205934059418226
259 1.2205934059418226
260 1.2205934059418226
261 0.9711581029900929
262 0.9711581029900929
263 1.3217883762237579
264 1.3217883762237579
265 1.3217883762237579
266 1.3217883762237579
267 1.4192218909257983
268 1.4192218909257983
269 1.1366574980697153
270 1.1366574980697153
271 1.1366574980697153
272 1.1366574980697153
273 1.1730277104179538
274 1.1730277104179538
275 0.8344584913608679
276 0.8344584913608679
277 0.8344584913608679
278 1.0364798759739084
279 1.2265636987060535
280 1.2265636987060535
281 1.2265636987060535
282 1.2265636987060535
283 1.1319012486832227
284 1.1319012486832227
285 1.1319012486832227
286 1.1319012486832227
287 1.2632212259329187
288 1.2901524088109377
289 1.2901524088109377
290 1.2901524088109377
291 1.2901524088109377
292 1.2881365150508137
293 1.2881365150508137
294 1.143091073155214
295 1.143091073155214
296 1.143091073155214
297 1.143091073155214
298 1.0623202546861936
299 1.0623202546861936
300 1.0623202546861936
301 1.0623202546861936
302 1.3098099798604992
303 1.3098099798604992
304 1.3098099798604992
305 1.1861783663759944
306 1.1861783663759944
307 1.1861783663759944
308 1.1861783663759944
309 1.381178776502083
310 1.381178776502083
311 1.381178776502083
312 1.353707979307925
313 1.353707979307925
314 0.9578448411128282
315 0.9578448411128282
316 1.410186157480355
317 1.410186157480355
318 1.410186157480355
319 1.410186157480355
