0 0.4024703263937212
1 0.4024703263937212
2 0.4024703263937212
3 0.4024703263937212
4 0.4772753336575931
5 0.6925925191592284
6 0.4780107344957404
7 0.4780107344957404
8 0.4780107344957404
9 0.4780107344957404
10 0.5027192213611594
11 0.5027192213611594
12 0.5027192213611594
13 0.5027192213611594
14 0.5303149703385754
15 0.46190640893102847
16 0.46190640893102847
17 0.527335443184157
18 0.527335443184157
19 0.527335443184157
20 0.527335443184157
21 0.3388713320743565
22 0.6061462304106061
23 0.6061462304106061
24 0.40880111602056923
25 0.40880111602056923
26 0.4413330273761637
27 0.4413330273761637
28 0.4413330273761637
29 0.5831118574972668
30 0.465398702095874
31 0.465398702095874
32 0.465398702095874
33 0.465398702095874
34 0.5707022813882523
35 0.6287056312989038
36 0.6287056312989038
37 0.6287056312989038
38 0.6287056312989038
39 0.5231721654422674
40 0.6471376999520037
41 0.6471376999520037
42 0.6471376999520037
43 0.6471376999520037
44 0.6246331137421671
45 0.6246331137421671
46 0.6246331137421671
47 0.6246331137421671
48 0.5444398809585964
49 0.43058882566127316
50 0.43058882566127316
51 0.4868715348133702
52 0.4642659603355978
53 0.4642659603355978
54 0.4642659603355978
55 0.4642659603355978
56 0.4891267834882335
57 0.4891267834882335
58 0.4891267834882335
59 0.4891267834882335
60 0.5321739113741025
61 0.6110419413519304
62 0.6110419413519304
63 0.719454889423423
64 0.5841239055992595
65 0.5841239055992595
66 0.5841239055992595
67 0.5841239055992595
68 0.5096928101765095
69 0.5096928101765095
70 0.5096928101765095
71 0.553200437827867
72 0.6731460530787893
73 0.6731460530787893
74 0.6731460530787893
75 0.6731460530787893
76 0.5480654238245695
77 0.5480654238245695
78 0.5480654238245695
79 0.5480654238245695
80 0.5652643195522224
81 0.5652643195522224
82 0.5848027212491217
83 0.5848027212491217
84 0.6206958066845256
85 0.6206958066845256
86 0.48586160208101853
87 0.48586160208101853
88 0.48586160208101853
89 0.51912858804099
90 0.51912858804099
91 0.51912858804099
92 0.51912858804099
93 0.5274612916950365
94 0.5274612916950365
95 0.48985812865668243
96 0.48445631899910346
97 0.48445631899910346
98 0.48445631899910346
99 0.48445631899910346
100 0.42537514997750947
101 0.42537514997750947
102 0.42537514997750947
103 0.42537514997750947
104 0.4768449224973102
105 0.4768449224973102
106 0.4768449224973102
107 0.4768449224973102
108 0.5041052897179856
109 0.5653492935523093
110 0.5653492935523093
111 0.5653492935523093
112 0.5653492935523093
113 0.47519542834953105
114 0.47519542834953105
115 0.5052645789876973
116 0.5052645789876973
117 0.5052645789876973
118 0.6412909764675371
119 0.6412909764675371
120 0.6412909764675371
121 0.6412909764675371
122 0.6075570123780029
123 0.6075570123780029
124 0.6075570123780029
125 0.6075570123780029
126 0.5025409023577994
127 0.5025409023577994
128 0.5552858689328856
129 0.5552858689328856
130 0.5034566260957516
131 0.5979030571559669
132 0.5409720820528506
133 0.5409720820528506
134 0.5409720820528506
135 0.6102203032505371
136 0.6102203032505371
137 0.6102203032505371
138 0.6102203032505371
139 0.6201725309072739
140 0.6201725309072739
141 0.6201725309072739
142 0.6201725309072739
143 0.6531025172659513
144 0.5386918833853734
145 0.5386918833853734
146 0.5386918833853734
147 0.5386918833853734
148 0.5117638769432502
149 0.5117638769432502
150 0.5117638769432502
151 0.5117638769432502
152 0.3779340436803731
153 0.3779340436803731
154 0.3779340436803731
155 0.5841732716079028
156 0.659934061985274
157 0.659934061985274
158 0.659934061985274
159 0.659934061985274
160 0.4974023871349634
161 0.4974023871349634
162 0.4974023871349634
163 0.4974023871349634
164 0.5766074164202463
165 0.5766074164202463
166 0.5766074164202463
167 0.5766074164202463
168 0.6856198281778545
169 0.6856198281778545
170 0.6856198281778545
171 0.6856198281778545
172 0.6499368332588339
173 0.4702218744598198
174 0.4702218744598198
175 0.4702218744598198
176 0.5373153204281343
177 0.6226946636714676
178 0.6226946636714676
179 0.6226946636714676
180 0.6226946636714676
181 0.5749067610129436
182 0.7271705561568983
183 0.7271705561568983
184 0.7271705561568983
185 0.7271705561568983
186 0.549969097801071
187 0.549969097801071
188 0.549969097801071
189 0.549969097801071
190 0.5629778872849422
191 0.5629778872849422
192 0.5629778872849422
193 0.5629778872849422
194 0.555698252261075
195 0.555698252261075
196 0.555698252261075
197 0.555698252261075
198 0.6008838515192743
199 0.5542579280871668
200 0.5542579280871668
201 0.5542579280871668
202 0.5542579280871668
203 0.47324784173917145
204 0.47324784173917145
205 0.5018628727966931
206 0.5018628727966931
207 0.5710384196253393
208 0.7159694547704134
209 0.7159694547704134
210 0.7159694547704134
211 0.5163378796299689
212 0.5163378796299689
213 0.5163378796299689
214 0.5163378796299689
215 0.5432345708682538
216 0.5432345708682538
217 0.5432345708682538
218 0.5432345708682538
219 0.6380157021249437
220 0.6380157021249437
221 0.6380157021249437
222 0.5605764582162533
223 0.5605764582162533
224 0.5605764582162533
225 0.6059729900949336
226 0.734267852716448
227 0.734267852716448
228 0.734267852716448
229 0.734267852716448
230 0.589277587838882
231 0.589277587838882
232 0.6330353703335316
233 0.492907988888406
234 0.5018805884399121
235 0.5018805884399121
236 0.540556423982989
237 0.540556423982989
238 0.540556423982989
239 0.540556423982989
240 0.4860935034139733
241 0.4860935034139733
242 0.4860935034139733
243 0.47695981595933856
244 0.47695981595933856
245 0.47695981595933856
246 0.47695981595933856
247 0.4664392604479423
248 0.4664392604479423
249 0.4664392604479423
250 0.4664392604479423
251 0.38524205152224644
252 0.38524205152224644
253 0.38524205152224644
254 0.38524205152224644
255 0.45033253259287187
256 0.45033253259287187
257 0.45033253259287187
258 0.6407522224539337
259 0.6407522224539337
260 0.6407522224539337
261 0.6407522224539337
262 0.5654482601686517
263 0.5654482601686517
264 0.5654482601686517
265 0.5654482601686517
266 0.5465722783034833
267 0.5465722783034833
268 0.5465722783034833
269 0.5465722783034833
270 0.64833157596292
271 0.64833157596292
272 0.5453922968663627
273 0.5453922968663627
274 0.571795439416519
275 0.571795439416519
276 0.571795439416519
277 0.571795439416519
278 0.6221672498153916
279 0.6221672498153916
280 0.6221672498153916
281 0.6221672498153916
282 0.6061757938838961
283 0.6061757938838961
284 0.6061757938838961
285 0.6061757938838961
286 0.4686338289773136
287 0.4686338289773136
288 0.4686338289773136
289 0.4686338289773136
290 0.5124950305808976
291 0.5124950305808976
292 0.5124950305808976
293 0.6126473862305942
294 0.6126473862305942
295 0.6126473862305942
296 0.5298471789795715
297 0.5298471789795715
298 0.5298471789795715
299 0.4187840326814716
300 0.4187840326814716
301 0.4187840326814716
302 0.5345082022686946
303 0.5345082022686946
304 0.5345082022686946
305 0.5432936812269492
306 0.5432936812269492
307 0.5432936812269492
308 0.5365361470132193
309 0.5365361470132193
310 0.5365361470132193
311 0.5365361470132193
312 0.6180992414664815
313 0.6180992414664815
314 0.6180992414664815
315 0.6180992414664815
316 0.5336979342099836
317 0.5336979342099836
318 0.6948163543358122
319 0.6948163543358122
