0 0.43731794465425294
1 0.7898486485338945
2 0.5972765816109977
3 0.8673024403689977
4 0.5240703983543519
5 1.0035756176515918
6 0.6149041682169845
7 0.28098942664434673
8 0.2942253614508593
9 0.9206966207205162
10 0.5792640365075691
11 0.4170589414302879
12 0.9298187849751606
13 0.7011586639819871
14 0.2822736448953877
15 0.7629200815171975
16 0.9758224549317219
17 0.8136217642537599
18 0.6180210980938483
19 0.6743605202730653
20 0.36479356765873866
21 0.7687774170271164
22 0.4293579028326756
23 0.16620164616166513
24 0.4120911886931195
25 0.8576306228300683
26 0.5222049202674489
27 0.8384671458678508
28 0.47268652380914616
29 0.4741710797273976
30 0.49541647089037155
31 0.28331071379373346
32 0.299974568056875
33 0.20350483681605042
34 0.5965722801936582
35 0.6755315608801978
36 0.9966682388803614
37 1.0762215392548091
38 0.45550357543133996
39 0.2935960920326672
40 0.6495113667507485
41 0.442819098214205
42 0.23744666396015418
43 0.7891448719637514
44 0.8062861580686219
45 0.5706037762138526
46 0.1953210953775985
47 0.6601758794528644
48 0.7849935430226148
49 0.5189060688964936
50 0.7429021957335098
51 0.3618636606956476
52 0.7174295455847775
53 0.6526914631972036
54 1.2306192309735404
55 0.43336878998088707
56 0.44072983607163696
57 0.6737157729794783
58 0.26732972483223405
59 0.7488209432944364
60 0.35125727015870933
61 0.28543290238045427
62 0.7499089353673951
63 0.8737426779846813
64 1.070643810873771
65 0.47484057448037365
66 0.8845736354865267
67 0.5962214792635078
68 0.4176281322462554
69 0.9403244699421468
70 0.5559098438237545
71 0.5282542879722705
72 0.7571780897100778
73 0.2716928948475292
74 0.25146291524175457
75 0.7847881678869646
76 0.7244625132426912
77 0.2570371797847832
78 0.4367092173219364
79 0.6232116345160631
80 0.34740107644590923
81 0.6742825105339494
82 1.0034909943276427
83 0.3925741915057047
84 0.9888613107428785
85 0.6095366954477279
86 0.8097997888641651
87 1.0408081858158866
88 0.3946318951033405
89 0.3886173919352792
90 0.38533950236473696
91 0.18901642628026535
92 0.515034996132142
93 0.8866594765318023
94 0.39751509544899033
95 0.9543526989112171
96 0.4085428838305587
97 0.772381791113056
98 0.43148816510987636
99 0.8626295204357548
100 0.33242253433316205
101 0.5605321393263324
102 0.5162107948808559
103 0.8649957205950236
104 0.5320796840648243
105 0.5578063697385612
106 0.316030790431843
107 0.6785740413807636
108 0.5791439115997324
109 0.900219365608898
110 0.416300711994141
111 0.20753554418715864
112 0.8382758718717941
113 0.2776652079700898
114 0.9494667002085103
115 0.3843298339692877
116 1.0247063503747766
117 0.8429732766420787
118 0.7978964418031945
119 0.3328591869029156
120 0.9795179027000983
121 1.0714986314361648
122 0.8619253916067832
123 0.9209923423719351
124 0.4035930691076759
125 0.6643368539868221
126 0.38822099250805675
127 1.0133638591570016
128 0.32802890311569866
129 0.3670349880172618
130 0.5144600376147859
131 0.42687737710652024
132 0.5433724930171516
133 0.5457549599992042
134 0.18435384708538072
135 0.7987425658097514
136 0.381204953417454
137 0.6674602217922672
138 0.925420408769949
139 0.9580525974542765
140 0.7273297507449062
141 0.6547130777916119
142 0.4752720791252531
143 0.22695745283419913
144 0.43940541524974785
145 0.631941929347008
146 0.8461355030462938
147 0.5117369080791767
148 0.18898191424142458
149 0.8109417353343168
150 0.4269428426717228
151 0.8367844160221588
152 0.57888521684012
153 0.2191981890193658
154 0.6090634708549616
155 0.27557850701816095
156 0.6775656273982795
157 0.5484277179621061
158 0.963084093561704
159 0.5963787684343574
160 0.31788155129230217
161 0.6650348043862622
162 0.44115825650518475
163 0.42217268365431454
164 0.3765533308252285
165 0.45530890071268737
166 0.2101294749914732
167 0.8653713813150397
168 0.868753648336131
169 0.5812118025411348
170 0.7765061351187419
171 0.8826920142248178
172 0.655791976489396
173 0.4700697093923304
174 0.7824147201462253
175 0.2387930527991082
176 0.5502770088386271
177 0.610016636667534
178 0.8308409285317594
179 1.0079023253606876
180 0.6646727115764446
181 0.8926382330926882
182 0.34843383750162094
183 0.40992838634392853
184 0.46691746610677076
185 0.28254062266231694
186 0.9216052929535816
187 0.400272098684873
188 0.6753906387518032
189 0.49765686868551706
190 0.22493780448004677
191 0.3179524611875355
192 0.9531301480669112
193 0.6416976145378525
194 0.4365623149172429
195 0.7680785755620643
196 0.44695725262733227
197 0.21724635597967637
198 0.4113031992880079
199 0.8079010027765682
200 0.7201607735046178
201 0.5988922906526066
202 0.4589774883079978
203 0.8848394466800911
204 0.3799459465765727
205 0.7337081296391661
206 0.4290849314124873
207 0.4558174844832625
208 0.22359190725686343
209 0.6834050149466954
210 0.3034906559391466
211 0.24453164622199713
212 0.970710280257678
213 0.27045921283064295
214 0.25140721033360014
215 0.8332830625953468
216 0.6096316517961671
217 0.49886990118199004
218 0.6053128764226359
219 0.9739922913325878
220 0.5258538656264908
221 0.802060235419206
222 0.38317753377318325
223 0.21743361499947864
224 0.6997035845448066
225 0.31625504367629365
226 0.1904650619933589
227 0.19720161583064755
228 0.8936364846244236
229 0.35953542447303244
230 0.8361742331546769
231 0.5819228370028074
232 0.4516804264435799
233 0.3854864889501411
234 0.35860521014304775
235 0.20490869653934268
236 0.45553030269608147
237 0.1871075699191034
238 0.30361471805035467
239 0.5708245949994536
240 1.1843167909026189
241 0.8650473934737142
242 0.2839880014533494
243 0.27529984730249407
244 0.797245288655312
245 0.26029939978822775
246 0.507412317006634
247 0.24147051427496305
248 0.4204885445074075
249 0.35608851790459267
250 0.8032271972000149
251 0.9758262664567631
252 0.8165940501065603
253 0.9467618619430641
254 0.8926282397959099
255 0.43951119790815824
256 0.17399992641567624
257 0.393180777520065
258 0.2828341548441387
259 0.5001879531905422
260 0.7327621952556178
261 0.2761113532366958
262 0.24374867431016856
263 0.19697065096863545
264 0.7857824082740451
265 0.6507756727608455
266 0.26094885306814225
267 0.7696943981771264
268 0.32142863580495445
269 0.6700439392306408
270 0.36617739977593816
271 0.552850351189716
272 0.4566658413261391
273 0.6660320707412436
274 0.4438021060263296
275 0.7169751779874102
276 0.6109080464562743
277 0.20741472142832765
278 0.533576946265817
279 0.6005102084802311
280 0.6234203431268818
281 0.45099086267829497
282 0.9778401732037649
283 0.6183875672534471
284 0.369398391635103
285 0.35788627484060004
286 0.6461974069525762
287 0.5669424210698544
288 0.45845962809517965
289 0.5150050261375757
290 0.9133855385458531
291 0.6896914252639866
292 0.26014980691458844
293 0.8899932959249495
294 0.8232373761921715
295 0.5189394097747566
296 0.4292862578659899
297 0.4141507690334571
298 0.9563945342493209
299 0.3274119311381839
300 0.2803511068665177
301 0.6803127101876059
302 0.41872894333167665
303 0.7393740935132151
304 0.6590422580205422
305 0.69541193865732
306 0.81792370678001
307 0.9603693405331329
308 0.4888458063975859
309 0.7487288790267524
310 1.0055196088192346
311 0.8700038397371059
312 0.28540942585014983
313 0.9744893065431498
314 0.9631808035497321
315 0.7246083307528542
316 0.5877950153770856
317 0.576350471969935
318 0.866661341600242
319 0.3875344100344482
