0 0.7894198786470148
1 0.7894198786470148
2 1.0897548760176683
3 1.565103660284132
4 2.581928641601062
5 2.360117814787745
6 2.520386831263786
7 2.4800007368133223
8 1.2573337945844933
9 0.18590753115065484
10 0.18590753115065484
11 0.3193618593409726
12 2.5410855871322457
13 1.881366679257222
14 1.881366679257222
15 2.199934991386851
16 2.2318346535970948
17 2.078491033516412
18 2.2602305642563296
19 1.0816343294679016
20 1.8938233806845544
21 2.0380805792837684
22 2.1177642860824015
23 1.8048669423925727
24 2.2400055622972914
25 2.2400055622972914
26 2.2400055622972914
27 2.5192317729855267
28 2.3600132277391586
29 2.518434540518919
30 2.2235220754398584
31 2.2235220754398584
32 1.6565255064647089
33 0.3806625698321935
34 2.582681312311035
35 1.808967212098202
36 1.3935271150978943
37 2.6838163379815274
38 2.6838163379815274
39 1.0770945231152944
40 2.70529774076264
41 2.820336363645046
42 2.820336363645046
43 0.28354777668240905
44 2.653325517826192
45 1.9372912982375612
46 0.43032049899417535
47 2.6254455492804825
48 3.436381403273719
49 1.9871008901372287
50 1.2005630581170603
51 2.0136791004331944
52 1.1725764538407664
53 0.4240212637275016
54 0.4240212637275016
55 1.7228417556281548
56 1.7228417556281548
57 2.459299869918837
58 2.529430573522522
59 2.0730765380557146
60 2.0730765380557146
61 2.0730765380557146
62 1.1276399684012504
63 1.6200015309661744
64 2.085633539777445
65 1.6158895542787617
66 1.6158895542787617
67 1.2654572298093463
68 1.645745061063472
69 0.8584778523925705
70 0.3207876335319917
71 0.3207876335319917
72 2.78364444976789
73 1.967756668860806
74 0.4430875916848591
75 1.543506167287194
76 0.9025992677075324
77 1.892993786286287
78 1.5993474503790495
79 1.5993474503790495
80 1.6566240495224325
81 1.6566240495224325
82 2.134748226144125
83 2.59084176012644
84 2.1809238053290194
85 0.1098945019597144
86 2.4643515299575167
87 2.1737866121649487
88 2.892344488581111
89 2.892344488581111
90 1.7158977401900586
91 1.757895002831154
92 1.482516909499181
93 2.3038602307625973
94 3.814743835749021
95 2.7589333200512396
96 2.4810294585330253
97 1.5656854503851683
98 0.8608393669989152
99 0.1
100 1.9798386055160395
101 2.710217156451825
102 1.0048269311303795
103 1.5682205511114549
104 1.2085301958168966
105 1.2085301958168966
106 1.2540347188395962
107 1.2226287175658324
108 1.2226287175658324
109 1.2226287175658324
110 1.5919921254364169
111 3.5897615223496686
112 1.8412736618129013
113 3.3023924808702687
114 1.739212490076607
115 3.159788914285065
116 1.9338475966139075
117 1.9338475966139075
118 1.2834625283536156
119 1.248130948636676
120 1.0302894941489176
121 1.0302894941489176
122 2.2333133874291216
123 2.2333133874291216
124 1.6426040988234425
125 1.040785273863709
126 1.350997830269923
127 1.0355654673762533
128 1.0123366363151196
129 2.7687883855006508
130 2.1728803940724353
131 1.1763907908707245
132 1.146721989773377
133 0.8274444345941719
134 0.9370761910668809
135 2.095226827463173
136 1.4202437233160337
137 1.4202437233160337
138 1.560710800131617
139 2.4006503803095183
140 2.4006503803095183
141 3.251611944185373
142 2.227625421352043
143 0.5698739853401027
144 0.5698739853401027
145 3.1712032607579963
146 3.1712032607579963
147 3.5846489230899303
148 2.5754270404220256
149 2.5754270404220256
150 1.4831752039076744
151 1.6198483666897083
152 1.6198483666897083
153 0.1
154 1.240026278148353
155 2.108685070111867
156 1.093747674044225
157 2.218341905854132
158 2.218341905854132
159 2.218341905854132
160 2.2966772366489234
161 2.2966772366489234
162 0.1
163 3.715625836397013
164 3.715625836397013
165 2.1378084128222037
166 2.372848307043204
167 2.372848307043204
168 2.372848307043204
169 1.0198790666233064
170 1.5721216194420422
171 1.3979178276230004
172 1.3979178276230004
173 2.170982172110752
174 2.1157310555617994
175 1.1769769495182534
176 1.8157963928842553
177 1.5227466851503981
178 1.5859771014976531
179 2.6573526646231334
180 2.0036754514442956
181 2.5644193055990967
182 0.5970210445502906
183 1.5149277041782125
184 1.5149277041782125
185 1.9736321458134531
186 1.3943092767273713
187 2.799927251191982
188 1.3247166236011958
189 2.04891167250116
190 0.5950482143172351
191 0.9538055766180601
192 0.9538055766180601
193 1.8269550425816108
194 2.6598601940401445
195 2.6598601940401445
196 2.6425974431513284
197 2.068474212686802
198 1.2023197611199365
199 1.4874299103187845
200 1.3940109649375052
201 0.46236653512388615
202 1.1996305727649905
203 1.5686296449320485
204 2.327975837952952
205 2.327975837952952
206 1.9236080214460818
207 1.9671182462484267
208 1.9671182462484267
209 1.2823532547133543
210 0.3446145206475455
211 0.6841277506838698
212 2.1552613009941473
213 2.3195650982642393
214 2.096016087059102
215 1.3562750938463681
216 1.0586785581170837
217 0.36015948546315046
218 0.36015948546315046
219 2.383861572572851
220 1.0897554316357707
221 1.8414932321926156
222 2.8308529468778003
223 2.2017949858407544
224 0.3329068473908494
225 1.242935098664984
226 1.3567607929719316
227 1.3281228831568743
228 0.6948083990060292
229 0.6948083990060292
230 0.6948083990060292
231 2.8412810455308524
232 1.7506322267859757
233 2.68385267243644
234 1.4447922126370154
235 2.349474809448818
236 1.2545009882735503
237 1.793831911328185
238 1.793831911328185
239 2.7503312627679284
240 2.7503312627679284
241 1.40095234463514
242 2.478611070158487
243 2.478611070158487
244 2.478611070158487
245 2.478611070158487
246 1.0401122716942655
247 0.5069266996640975
248 1.6769825489497383
249 0.9902558976750332
250 3.40522015595759
251 1.9181054786402354
252 0.27990839200924444
253 0.27990839200924444
254 1.225917320329069
255 0.8274014644880184
256 1.5180787416220347
257 3.2310418172337485
258 1.221928422600569
259 1.3392298282216342
260 2.667225903513521
261 1.106668610707977
262 1.9087469649391111
263 2.7478867426652425
264 1.25336136416613
265 3.008390272573145
266 0.8339803201551234
267 2.399851751007965
268 1.4097258521811409
269 1.850580698406397
270 0.32521874627573744
271 2.428933390326537
272 2.115733652751489
273 2.2428588080735947
274 1.0248356236601803
275 0.4138240163721756
276 1.6982147003830375
277 2.5327789329627124
278 0.5498050903623652
279 2.9081800882396465
280 3.069554663856439
281 1.2381141788375194
282 1.0191224027694772
283 2.2066599380544933
284 1.1252346783666365
285 1.8841297438162576
286 2.298342360690467
287 1.6776227356708606
288 1.2134297309944286
289 2.625459897375009
290 2.172277719271355
291 1.162644723979116
292 2.5353572604360073
293 0.7658641641235887
294 2.244388923229256
295 2.1255957505701617
296 1.9343811662623862
297 1.3297885999463208
298 2.586663470200706
299 2.5730331252564698
300 1.8182813914791387
301 1.9610133219395303
302 2.061246037817682
303 2.2824349628905085
304 3.029097560984932
305 2.5428620719509833
306 1.4961945503113157
307 2.6837049339780195
308 1.3347165603420434
309 0.8807310818468429
310 0.8807310818468429
311 1.726533705619614
312 1.726533705619614
313 2.2193046593452808
314 1.848713563312776
315 2.4442914122759705
316 3.757988075741869
317 1.277265939789077
318 1.277265939789077
319 0.597606697619272
