0 0.8518130139846274
1 0.8518130139846274
2 0.707323468451686
3 0.707323468451686
4 0.4282388834111615
5 0.4282388834111615
6 0.1
7 0.8144802138669727
8 0.8144802138669727
9 0.5929140461910443
10 0.5929140461910443
11 1.153057977870459
12 1.153057977870459
13 0.8751671006159243
14 0.1
15 0.4411113236378994
16 0.727585635922818
17 0.5254119423589644
18 0.1
19 0.1
20 0.1876402205595495
21 0.1876402205595495
22 0.41318039170569587
23 0.41318039170569587
24 0.23065912945830772
25 0.23065912945830772
26 0.31732676649552294
27 0.31732676649552294
28 0.1
29 0.1
30 0.8254887466367548
31 0.15070601216161347
32 0.15070601216161347
33 0.26392844636173995
34 0.26392844636173995
35 0.34507735258078864
36 0.34507735258078864
37 0.1
38 0.1
39 0.4363393385368569
40 0.4363393385368569
41 0.7744831838373406
42 0.7744831838373406
43 0.8064558063841787
44 0.5740366377717632
45 0.5740366377717632
46 0.6231071856670625
47 0.6231071856670625
48 0.3558245336147778
49 0.3558245336147778
50 0.41034641457205334
51 0.41034641457205334
52 0.6319851716796803
53 0.1
54 0.1
55 0.23434174908367433
56 0.22154103408669062
57 0.22154103408669062
58 0.7736302939971678
59 0.7736302939971678
60 0.8207577443544218
61 0.8207577443544218
62 0.547597785999784
63 0.547597785999784
64 0.7418689877640032
65 0.7418689877640032
66 1.0974713874021054
67 1.0974713874021054
68 0.8809187495863566
69 0.8809187495863566
70 0.3536583169054814
71 0.3536583169054814
72 0.1
73 0.1
74 1.4042535242676752
75 1.4042535242676752
76 0.7124518303051214
77 0.7124518303051214
78 0.7584729568139851
79 0.7584729568139851
80 0.6491034881491414
81 0.6491034881491414
82 1.1190079522453318
83 1.1190079522453318
84 0.7079001094999491
85 0.4227111757903548
86 0.4227111757903548
87 0.5592037020945282
88 0.5592037020945282
89 0.43890984872378097
90 0.43890984872378097
91 0.718517765608639
92 0.718517765608639
93 0.5887861849387396
94 0.5887861849387396
95 0.40445878855671946
96 0.1
97 0.1
98 0.6844151383889653
99 0.6844151383889653
100 0.6426218277857976
101 0.5781326450639956
102 0.5781326450639956
103 0.4119731873216968
104 0.4119731873216968
105 0.6876829457158109
106 0.6876829457158109
107 0.17394320675211883
108 0.17394320675211883
109 0.1
110 0.1
111 0.440101157960151
112 0.440101157960151
113 0.6017262454667825
114 0.17648523670539462
115 0.17648523670539462
116 0.42348981929887525
117 0.42348981929887525
118 0.493039240119439
119 0.1
120 0.1
121 1.0036417498824215
122 0.691319641502909
123 0.32099678637904655
124 1.0718476843580667
125 1.0718476843580667
126 0.7550811264865258
127 0.7550811264865258
128 0.7583543758780955
129 0.7583543758780955
130 0.6451969006895837
131 0.6451969006895837
132 0.23504557266919537
133 0.23504557266919537
134 0.7886574580119989
135 0.5469646555716249
136 0.5469646555716249
137 0.3468645061734744
138 0.4094252278696647
139 0.4094252278696647
140 0.28810752525673833
141 0.4487066860041914
142 0.4487066860041914
143 0.6238472959150748
144 0.6238472959150748
145 0.6804346262937937
146 0.6804346262937937
147 0.3130627538752313
148 0.40843947950241344
149 0.2024598039999206
150 0.2024598039999206
151 0.1847602854411718
152 0.1847602854411718
153 0.4770198836109521
154 0.4770198836109521
155 0.26983559918400707
156 0.26983559918400707
157 0.4311446358842013
158 0.4311446358842013
159 0.2550267038547923
160 0.2550267038547923
161 0.3590929363750187
162 0.3590929363750187
163 0.45844148956760916
164 0.45844148956760916
165 0.15870052114431943
166 0.15870052114431943
167 0.2737875277093802
168 0.2803167112180706
169 0.2803167112180706
170 0.1674470319426884
171 0.1674470319426884
172 0.2377635281090262
173 0.1863966386036125
174 0.1863966386036125
175 0.22416970472152015
176 0.6734143506132776
177 0.6734143506132776
178 0.7178944721094767
179 0.38078864928619394
180 0.38078864928619394
181 0.12442075468504032
182 0.12442075468504032
183 0.14935869149839565
184 0.1
185 0.1
186 0.24629965358277764
187 0.24629965358277764
188 0.34247138774974795
189 0.34247138774974795
190 0.3093782422299499
191 0.3093782422299499
192 0.1
193 0.1
194 0.430109841588021
195 0.9683214108876349
196 0.9683214108876349
197 0.2656007898336079
198 0.24381607772495784
199 0.24381607772495784
200 0.1355140568064762
201 0.1355140568064762
202 0.2436140065598782
203 0.2436140065598782
204 0.11937891524243013
205 0.11937891524243013
206 0.37526899628575483
207 0.4471778051226821
208 0.19719901807142506
209 0.19719901807142506
210 0.1
211 0.1
212 0.7653118332603752
213 0.7653118332603752
214 0.2636172930202951
215 0.2636172930202951
216 0.33629018837674246
217 0.11543701856751264
218 0.11543701856751264
219 0.1
220 0.1
221 0.2275901672884739
222 0.2275901672884739
223 0.5941852820836786
224 0.5941852820836786
225 0.1
226 0.1
227 0.3402240792984973
228 0.3402240792984973
229 0.275554345328031
230 0.275554345328031
231 0.9537149178637734
232 0.9537149178637734
233 0.858212525977458
234 0.858212525977458
235 0.8865823773482397
236 0.8865823773482397
237 1.1011845739694843
238 1.1011845739694843
239 0.7282600525549503
240 0.7282600525549503
241 0.4482500153930105
242 0.4482500153930105
243 0.38421614615683075
244 0.4950672949583465
245 0.7472888605873484
246 0.3696111355347015
247 0.3696111355347015
248 0.9810277831440678
249 0.9810277831440678
250 0.7714070292270723
251 0.7714070292270723
252 0.6015918553565824
253 0.6015918553565824
254 0.8903839715754103
255 0.8903839715754103
256 0.8210808936348801
257 0.8210808936348801
258 0.5533133231091067
259 0.1
260 0.1
261 0.5696429424703302
262 0.5696429424703302
263 0.5485472263024537
264 0.5485472263024537
265 0.5752386445016746
266 0.5752386445016746
267 0.4579236681419058
268 0.4579236681419058
269 0.35480165439952494
270 0.35480165439952494
271 0.4283338993341591
272 0.4283338993341591
273 0.11346871559538554
274 0.11346871559538554
275 0.1
276 0.31362877890679924
277 0.31362877890679924
278 0.8267251973200155
279 0.8267251973200155
280 0.26823601537740566
281 0.39476333723646473
282 0.39476333723646473
283 0.2558554530292527
284 1.0416052010676582
285 1.0416052010676582
286 0.9100742350190232
287 0.9100742350190232
288 0.23252582756451629
289 0.23252582756451629
290 0.8436143342161881
291 0.5906124724423785
292 0.5906124724423785
293 0.32536925434494757
294 0.17877424153646082
295 0.17877424153646082
296 0.3491472550937578
297 1.036385650370187
298 1.036385650370187
299 0.6867453128623717
300 0.6867453128623717
301 0.9457064358202308
302 0.9457064358202308
303 0.16808789135708724
304 0.16808789135708724
305 0.14404269448156787
306 0.32589336864862256
307 0.32589336864862256
308 0.19512272206107603
309 0.19512272206107603
310 0.3726861455137438
311 0.3726861455137438
312 0.6394022793934283
313 0.6394022793934283
314 0.34532116511008587
315 0.34532116511008587
316 0.7175048795770439
317 0.7175048795770439
318 0.2911121900704107
319 0.2911121900704107
