0 1.4592922574092837
1 1.4592922574092837
2 4.7328559267731976
3 4.7328559267731976
4 6.339633779871901
5 6.339633779871901
6 4.471286220633038
7 4.471286220633038
8 0.1
9 0.1
10 3.0347907547307367
11 3.0347907547307367
12 4.367889210213057
13 4.367889210213057
14 2.0283598249651407
15 2.0283598249651407
16 2.078425615499585
17 2.078425615499585
18 3.210447110459748
19 3.210447110459748
20 2.5048517448393115
21 2.5048517448393115
22 1.6527316552164537
23 1.6527316552164537
24 3.2612909182293266
25 3.2612909182293266
26 5.360289759571579
27 5.360289759571579
28 2.4016126057396825
29 2.4016126057396825
30 3.300658394198894
31 3.300658394198894
32 5.962433000102907
33 5.962433000102907
34 8.897881931018784
35 8.90074871373485
36 8.90074871373485
37 5.912139925090752
38 5.912139925090752
39 3.956747930257613
40 7.145433182379865
41 7.145433182379865
42 5.634259514606158
43 5.634259514606158
44 8.653738370408444
45 8.653738370408444
46 3.0648665106415174
47 3.0648665106415174
48 2.2176967036487514
49 4.1546118562642835
50 7.836267940527083
51 1.7670646733969244
52 3.4105154073106974
53 3.4105154073106974
54 2.4747697095145083
55 2.4747697095145083
56 3.777819851652737
57 3.777819851652737
58 1.5262608928532846
59 1.5262608928532846
60 1.7262881170005793
61 1.7262881170005793
62 0.1
63 4.134440870131561
64 4.134440870131561
65 4.262170003874274
66 4.262170003874274
67 5.58676768890538
68 5.58676768890538
69 3.4526439243501055
70 4.266469369588613
71 4.266469369588613
72 4.929704414309013
73 4.929704414309013
74 1.8936393596396677
75 1.8936393596396677
76 4.201430101983135
77 4.201430101983135
78 8.676825625358585
79 8.676825625358585
80 4.481281415199273
81 4.481281415199273
82 6.4563681101485635
83 5.051786902567787
84 5.051786902567787
85 7.59418990762949
86 7.59418990762949
87 1.6503081031401874
88 2.290428752530891
89 2.290428752530891
90 5.041033950037614
91 5.041033950037614
92 6.28985745267239
93 6.28985745267239
94 1.2081608721468005
95 1.2081608721468005
96 6.095897463988235
97 6.095897463988235
98 8.089330781079076
99 5.993117861014442
100 5.993117861014442
101 5.741037328577583
102 5.741037328577583
103 1.4246214128914918
104 1.4246214128914918
105 4.814345507912173
106 4.814345507912173
107 2.363485798895458
108 2.363485798895458
109 6.645201338373807
110 6.645201338373807
111 4.664316487687076
112 7.0578572841763485
113 7.0578572841763485
114 7.597539005975004
115 7.597539005975004
116 1.2195310047442707
117 1.2195310047442707
118 9.746278188917115
119 9.746278188917115
120 1.0943831302888114
121 1.0943831302888114
122 4.654563298258228
123 2.5158134572014053
124 2.5158134572014053
125 3.745134256432086
126 3.745134256432086
127 3.6635015116037235
128 3.6635015116037235
129 4.558528244836175
130 4.558528244836175
131 5.667081883204002
132 5.667081883204002
133 3.8223876788972024
134 3.8223876788972024
135 1.5041604034870448
136 1.5041604034870448
137 7.441978472944074
138 2.1693865355545974
139 2.1693865355545974
140 4.252180892708334
141 0.1
142 0.1
143 4.4147329094164345
144 4.4147329094164345
145 4.441681144083849
146 4.441681144083849
147 2.617739491662539
148 2.617739491662539
149 5.690112639411168
150 5.690112639411168
151 3.111121220681108
152 3.111121220681108
153 2.8866671001426685
154 2.8866671001426685
155 4.441010421968888
156 4.441010421968888
157 6.279071154302988
158 6.279071154302988
159 4.722586606258067
160 4.722586606258067
161 3.61790396744762
162 3.61790396744762
163 2.842661315913011
164 2.842661315913011
165 6.162356788664267
166 6.162356788664267
167 6.6752119067518185
168 6.6752119067518185
169 2.536164773181339
170 2.536164773181339
171 4.617010793436701
172 4.617010793436701
173 4.913155620860518
174 3.9846778246715617
175 3.9846778246715617
176 0.1
177 0.1
178 3.7101365237527104
179 3.7101365237527104
180 5.222671717433511
181 5.222671717433511
182 4.637458190312364
183 3.7785116917678563
184 3.7785116917678563
185 3.5934595844950823
186 3.5934595844950823
187 3.0929424537371393
188 3.0929424537371393
189 5.957472974238556
190 5.957472974238556
191 6.899860885315628
192 6.208232650123613
193 6.562051903838
194 6.562051903838
195 3.430315164924569
196 3.430315164924569
197 8.994600421271567
198 8.994600421271567
199 2.7643760189662134
200 2.7643760189662134
201 6.274549810831814
202 3.7749879664457455
203 3.7749879664457455
204 4.277897231752606
205 4.58173610083065
206 4.58173610083065
207 3.512419642047626
208 3.512419642047626
209 4.386184723993006
210 3.014713634407881
211 5.529784415752939
212 0.3568617661241502
213 11.022022896566433
214 3.642584093771544
215 3.642584093771544
216 6.283117490811756
217 6.283117490811756
218 3.0916813792944806
219 3.0916813792944806
220 4.2949783965672985
221 4.2949783965672985
222 4.7143446407846366
223 5.369017575695178
224 5.369017575695178
225 0.3409870669790802
226 0.3409870669790802
227 4.720499580380516
228 4.720499580380516
229 0.4531458286401717
230 0.4531458286401717
231 5.5285570040549175
232 5.5285570040549175
233 4.754147573199391
234 4.754147573199391
235 5.801534652356163
236 5.801534652356163
237 4.110203126076813
238 4.110203126076813
239 5.9960659485062475
240 5.9960659485062475
241 4.120862395416468
242 4.120862395416468
243 3.968956533718539
244 3.968956533718539
245 2.129428068158533
246 2.129428068158533
247 4.962099949297807
248 4.962099949297807
249 5.298758915093037
250 5.298758915093037
251 4.966777524924399
252 4.966777524924399
253 4.159487110174565
254 4.159487110174565
255 5.643521103856728
256 5.643521103856728
257 5.256664664949195
258 5.256664664949195
259 3.2218053590955957
260 3.2218053590955957
261 7.24903131526427
262 7.24903131526427
263 7.140556415189027
264 7.140556415189027
265 5.398559913967464
266 5.398559913967464
267 7.328305095810149
268 7.328305095810149
269 7.540182966721759
270 7.540182966721759
271 6.118336305241035
272 6.118336305241035
273 9.56139589341901
274 9.56139589341901
275 3.025966988936957
276 3.025966988936957
277 3.4687256606932904
278 3.4687256606932904
279 6.364161101607762
280 6.364161101607762
281 2.2887083003438944
282 4.816979869176375
283 4.816979869176375
284 6.488597887651171
285 6.488597887651171
286 6.901700000673192
287 7.1925150645391085
288 6.10562432288868
289 4.727099621748139
290 4.777073332044786
291 4.777073332044786
292 4.572603679529564
293 4.572603679529564
294 4.627208400086093
295 7.926704499841184
296 9.280621636691393
297 2.4430568523004834
298 2.4430568523004834
299 1.9554793074255867
300 5.609090671308867
301 5.609090671308867
302 6.12200836638769
303 6.12200836638769
304 5.87308478982011
305 5.87308478982011
306 4.302880450689438
307 4.468276092653362
308 2.405104117574015
309 2.405104117574015
310 6.7039253278780055
311 6.7039253278780055
312 1.8210374304325838
313 1.8210374304325838
314 9.904479693949254
315 9.904479693949254
316 6.624463410201002
317 6.624463410201002
318 5.4243587025119195
319 5.4243587025119195
