0 3.706788822768084
1 3.706788822768084
2 3.4793616280379873
3 3.4793616280379873
4 2.965468550058705
5 2.965468550058705
6 3.8138127724643716
7 3.0128639954087952
8 3.0128639954087952
9 2.427562996196804
10 2.427562996196804
11 2.685350353552938
12 2.685350353552938
13 2.7798419235077594
14 2.7798419235077594
15 3.1655251029455003
16 3.1655251029455003
17 3.6021137718741802
18 3.6021137718741802
19 3.531960069118096
20 3.531960069118096
21 3.485679131677191
22 3.485679131677191
23 3.3582947646520793
24 3.3582947646520793
25 3.690371679455855
26 3.690371679455855
27 3.111123940296852
28 3.5255567951154188
29 3.5255567951154188
30 3.452688110947217
31 3.452688110947217
32 3.1095376852979233
33 3.1095376852979233
34 3.3973990961735736
35 3.3973990961735736
36 3.3935549006333523
37 3.3935549006333523
38 3.1666609975474027
39 3.1666609975474027
40 3.02286877775119
41 3.02286877775119
42 3.6278650152389433
43 3.6278650152389433
44 2.6257958288525334
45 2.6257958288525334
46 3.3811463896372493
47 3.3811463896372493
48 3.062702518368617
49 3.062702518368617
50 3.136143189815076
51 3.136143189815076
52 3.6098405981067274
53 3.6098405981067274
54 2.852442634580842
55 2.852442634580842
56 3.242436516759279
57 3.242436516759279
58 2.80364541943766
59 2.80364541943766
60 3.516222854614872
61 2.838062150369166
62 2.838062150369166
63 3.2362292850852827
64 3.2362292850852827
65 3.6749027326652017
66 3.6749027326652017
67 3.3254701523950025
68 3.3254701523950025
69 3.163309197229054
70 3.163309197229054
71 2.972741288882364
72 2.972741288882364
73 2.8942939410146082
74 2.8942939410146082
75 2.848339872014697
76 2.848339872014697
77 2.8352348759133723
78 2.8352348759133723
79 3.4455945669803345
80 3.4455945669803345
81 2.951890510016968
82 2.951890510016968
83 3.007007313599445
84 3.007007313599445
85 2.889816371162442
86 2.889816371162442
87 3.3655364127017284
88 3.3655364127017284
89 3.1682411798658796
90 3.1682411798658796
91 3.2289933625302125
92 3.2289933625302125
93 3.1724884478563817
94 3.1724884478563817
95 2.0509347384030527
96 2.0509347384030527
97 3.0966438640251646
98 3.0966438640251646
99 3.147142307449745
100 3.147142307449745
101 3.3007347698622156
102 3.3007347698622156
103 3.0483811502905644
104 3.0483811502905644
105 3.0334479406947206
106 3.0334479406947206
107 3.0692958521399696
108 3.0692958521399696
109 3.0004005360931716
110 3.0004005360931716
111 3.450368932758951
112 3.450368932758951
113 3.2163396478064583
114 3.2163396478064583
115 3.097266305563529
116 3.097266305563529
117 2.9963208332945723
118 2.9963208332945723
119 3.8445130792104276
120 3.8445130792104276
121 3.165413363557812
122 2.9849680501561076
123 2.9849680501561076
124 3.3290397992997303
125 3.3290397992997303
126 3.268788898196632
127 3.268788898196632
128 3.7634151281136545
129 3.7634151281136545
130 3.233239836985238
131 3.233239836985238
132 3.2769039351218776
133 3.2769039351218776
134 3.5468217783622875
135 3.5468217783622875
136 3.2788280976921103
137 3.2788280976921103
138 2.8248851892867863
139 2.8248851892867863
140 2.978983973789255
141 2.978983973789255
142 2.9979562542800116
143 3.5573864354896054
144 3.5573864354896054
145 2.903398343763603
146 2.903398343763603
147 3.4523483188485105
148 3.4523483188485105
149 3.1322662893298743
150 3.1322662893298743
151 2.8413908887873376
152 2.8413908887873376
153 3.3840858977671076
154 3.3840858977671076
155 2.9323194503288934
156 2.9323194503288934
157 3.837539823355529
158 3.837539823355529
159 3.5867775504435113
160 3.5867775504435113
161 3.041926011418579
162 3.041926011418579
163 3.054271094017019
164 3.054271094017019
165 3.1007548100461584
166 3.1007548100461584
167 3.3200867163713
168 3.3200867163713
169 3.2266462691403044
170 3.2266462691403044
171 3.238055203956914
172 3.238055203956914
173 3.0989808679250013
174 3.0989808679250013
175 3.329260425996637
176 3.329260425996637
177 3.9765574234179186
178 3.9765574234179186
179 3.0453076691854633
180 3.0453076691854633
181 3.3520524289084186
182 3.3520524289084186
183 2.6991716025419343
184 2.6991716025419343
185 3.5072425125746958
186 3.662264302175798
187 3.662264302175798
188 3.639599120011558
189 3.639599120011558
190 3.747723776057657
191 3.747723776057657
192 3.612161349213048
193 3.612161349213048
194 2.937547100798394
195 2.937547100798394
196 3.0560869481319255
197 3.0560869481319255
198 3.1896681012155765
199 3.1896681012155765
200 2.578367268303834
201 2.578367268303834
202 3.2971674431731604
203 3.2971674431731604
204 3.4011882534204085
205 3.4011882534204085
206 3.028395062378984
207 3.028395062378984
208 3.277840677243576
209 3.277840677243576
210 2.7882149398705236
211 2.7882149398705236
212 2.85971390935272
213 2.85971390935272
214 3.347963987973274
215 3.347963987973274
216 3.5213862295361182
217 3.5213862295361182
218 3.1423529625238316
219 3.1423529625238316
220 2.7479353583061767
221 2.7479353583061767
222 3.2671557745477253
223 3.2671557745477253
224 2.922966444434844
225 2.922966444434844
226 2.725149157681992
227 2.725149157681992
228 3.2029329535026565
229 3.2029329535026565
230 3.128988244584047
231 3.128988244584047
232 3.10300767833042
233 3.10300767833042
234 3.2140392553033217
235 3.2140392553033217
236 2.4264990111036795
237 2.4264990111036795
238 2.491258325094562
239 2.491258325094562
240 3.1804918189813343
241 3.1804918189813343
242 3.2562935238277073
243 3.2562935238277073
244 3.5565568228215114
245 2.8203372697152624
246 2.8203372697152624
247 2.6207952916771755
248 2.6207952916771755
249 3.1428927112609175
250 3.1428927112609175
251 3.0472806323825643
252 3.1141805317214417
253 3.1141805317214417
254 3.012122956291836
255 3.012122956291836
256 3.679165756438223
257 3.679165756438223
258 3.7731346286207774
259 3.7731346286207774
260 2.880703885225157
261 2.880703885225157
262 3.1276930281883466
263 3.1276930281883466
264 3.5655624848890546
265 3.5655624848890546
266 3.515495613118415
267 3.515495613118415
268 2.8923677952790605
269 2.8923677952790605
270 3.369891352491912
271 3.369891352491912
272 3.333011396510124
273 3.333011396510124
274 3.308249421861373
275 3.308249421861373
276 3.1093845597352185
277 3.1093845597352185
278 3.5226018036266695
279 3.5226018036266695
280 3.1038933766387187
281 3.1038933766387187
282 3.574874925266466
283 3.574874925266466
284 2.8314102184010626
285 2.8314102184010626
286 2.8377301657419527
287 2.8377301657419527
288 3.1560896878465434
289 3.1560896878465434
290 3.267698741396533
291 3.267698741396533
292 3.2261017893431663
293 3.2261017893431663
294 2.473982060698299
295 2.473982060698299
296 3.036011974077828
297 3.036011974077828
298 2.9028016262353633
299 2.9028016262353633
300 3.3323656188811546
301 3.3323656188811546
302 2.8316048620317105
303 2.8316048620317105
304 3.2053341661442882
305 3.2053341661442882
306 2.8783213774583656
307 2.8783213774583656
308 3.3468484171314437
309 3.3468484171314437
310 3.0466697862024326
311 3.0466697862024326
312 3.568484817743596
313 3.568484817743596
314 2.9927504614799485
315 2.9927504614799485
316 3.160219464901742
317 3.160219464901742
318 2.410494259685117
319 2.410494259685117
