0 0.9068040189248799
1 0.9068040189248799
2 0.8322724720271781
3 0.8322724720271781
4 1.0320989434225356
5 1.0320989434225356
6 0.8245906641012843
7 0.8245906641012843
8 0.7650324825667892
9 0.7650324825667892
10 0.4192395304353111
11 0.4192395304353111
12 0.4575077427664839
13 0.4575077427664839
14 0.4383116415359506
15 0.4383116415359506
16 0.4136224062287131
17 0.4136224062287131
18 0.6460684102712514
19 0.6460684102712514
20 0.6175846500856448
21 0.6175846500856448
22 0.684962868258846
23 0.684962868258846
24 0.5362685212657925
25 0.5362685212657925
26 0.7339272795404241
27 0.7339272795404241
28 0.5491970807604968
29 0.5491970807604968
30 0.5021089947243852
31 0.5021089947243852
32 0.5231152935324469
33 0.5231152935324469
34 0.528614224902133
35 0.528614224902133
36 0.5395470518603331
37 0.5395470518603331
38 0.5646183424421474
39 0.5646183424421474
40 0.6436376597582469
41 0.6436376597582469
42 0.5597539053440678
43 0.5597539053440678
44 0.6234807109321289
45 0.6582743535223831
46 0.6582743535223831
47 0.27103350880416965
48 0.27103350880416965
49 0.3171919329321446
50 0.3171919329321446
51 0.29971581433970296
52 0.29971581433970296
53 0.3012403977420456
54 0.3012403977420456
55 0.6135312471772314
56 0.6135312471772314
57 0.6865153166540138
58 0.6865153166540138
59 0.723800353880858
60 0.723800353880858
61 0.6412708090628586
62 0.6412708090628586
63 0.617208165334716
64 0.617208165334716
65 0.6765978680047957
66 0.6765978680047957
67 0.5759288178555688
68 0.5759288178555688
69 0.6674400203884524
70 0.6674400203884524
71 0.6872610973527559
72 0.6872610973527559
73 0.8267463054259471
74 0.8267463054259471
75 0.9542544950304224
76 0.9542544950304224
77 0.8316835096046222
78 0.8316835096046222
79 0.9632991963538637
80 0.9632991963538637
81 0.8079900412609267
82 0.8079900412609267
83 0.8671381194892742
84 0.8671381194892742
85 0.9069252334977517
86 0.9069252334977517
87 0.8377735991648352
88 0.8377735991648352
89 0.2768040491314551
90 0.2768040491314551
91 0.3150749824717136
92 0.3150749824717136
93 0.30002914648862916
94 0.7542613435304713
95 0.7542613435304713
96 0.6565274837465157
97 0.6565274837465157
98 0.7507327119557884
99 0.7507327119557884
100 0.8521353278938493
101 0.27610235405968103
102 0.27610235405968103
103 0.2971409505955147
104 0.2971409505955147
105 0.3386365725907006
106 0.3386365725907006
107 0.30727331867942287
108 0.6539398088264204
109 0.6274272865088912
110 0.6274272865088912
111 0.7397825275524769
112 0.7397825275524769
113 0.6216641098996644
114 0.6216641098996644
115 0.7044992143266953
116 0.7044992143266953
117 0.6161086303854721
118 0.6161086303854721
119 0.6259748113026294
120 0.6259748113026294
121 0.5552140404489397
122 0.5552140404489397
123 0.5751651123648475
124 0.5751651123648475
125 0.3971797360342366
126 0.3971797360342366
127 0.4657192977691477
128 0.4657192977691477
129 0.6263376121586165
130 0.6263376121586165
131 0.454563583936427
132 0.454563583936427
133 0.19791375280679868
134 0.19791375280679868
135 0.19036958668099865
136 0.19036958668099865
137 0.22194937535524284
138 0.22194937535524284
139 0.44724618115245607
140 0.44724618115245607
141 0.43842973981863437
142 0.43842973981863437
143 0.40210639695413497
144 0.40210639695413497
145 0.45290869618014984
146 0.45290869618014984
147 0.5406510967289996
148 0.5406510967289996
149 0.4461682137283155
150 0.4461682137283155
151 0.4894887563590684
152 0.4894887563590684
153 0.3940106398940974
154 0.3940106398940974
155 0.44467665046421684
156 0.44467665046421684
157 0.3974276070357575
158 0.3974276070357575
159 0.8112229072138587
160 0.8112229072138587
161 0.8000743661774838
162 0.8000743661774838
163 0.7379230258698211
164 0.7379230258698211
165 0.8075518259007085
166 0.8075518259007085
167 0.8257464952903799
168 0.8257464952903799
169 0.7990957749270977
170 0.7990957749270977
171 0.7611013667330109
172 0.7611013667330109
173 0.7766552976019714
174 0.7766552976019714
175 0.7751711926898093
176 0.7751711926898093
177 0.8808489400667068
178 0.8808489400667068
179 0.9806817725229577
180 0.9806817725229577
181 0.9396183254273032
182 0.9396183254273032
183 0.7386947840147605
184 0.7386947840147605
185 0.861886245752636
186 0.861886245752636
187 0.7106708854823934
188 0.7106708854823934
189 0.90075129574081
190 0.90075129574081
191 0.8542157200484152
192 0.8542157200484152
193 0.804800287634472
194 0.804800287634472
195 0.6910864783821786
196 0.6910864783821786
197 0.6426093391852667
198 0.6426093391852667
199 0.864362892824997
200 0.864362892824997
201 0.8311272085144864
202 0.4096447683441074
203 0.4096447683441074
204 0.4513092075459664
205 0.4513092075459664
206 0.4198757806634839
207 0.631411604683921
208 0.631411604683921
209 0.8260880135885185
210 0.8260880135885185
211 0.9352968374705376
212 1.0652410202588014
213 1.0652410202588014
214 0.6979474331288105
215 0.6979474331288105
216 0.529606839301284
217 0.4262783608443885
218 0.4262783608443885
219 0.38776587107077454
220 0.38776587107077454
221 0.3504931265210976
222 0.3504931265210976
223 0.43622222519080595
224 0.43622222519080595
225 1.0202790162376332
226 0.7705056354271114
227 0.7705056354271114
228 0.8159044201136102
229 0.8159044201136102
230 0.7024880310021976
231 0.7024880310021976
232 0.7660721146129004
233 0.7660721146129004
234 0.8351373493816516
235 0.8351373493816516
236 0.6391007270739462
237 0.6391007270739462
238 0.5535776310405232
239 0.5535776310405232
240 0.5429441006406268
241 0.5429441006406268
242 0.4792469161020681
243 0.4792469161020681
244 0.4740805277564894
245 0.4740805277564894
246 0.4945236409432956
247 0.4945236409432956
248 0.4747380583977695
249 0.42675948055580815
250 0.42675948055580815
251 0.411540339346815
252 0.411540339346815
253 0.45951268008669377
254 0.45951268008669377
255 0.5202411512521539
256 0.5202411512521539
257 0.41023159183921926
258 0.41023159183921926
259 0.47920081003189025
260 0.47920081003189025
261 0.5201847570833025
262 0.5201847570833025
263 0.47367250121837895
264 0.47367250121837895
265 0.4361801038784097
266 0.4361801038784097
267 0.4588997921124936
268 0.4588997921124936
269 0.41837002392119527
270 0.41837002392119527
271 0.33767416911334325
272 0.33767416911334325
273 0.42349137326936537
274 0.42349137326936537
275 0.47504940445055843
276 0.47504940445055843
277 0.4449126737125159
278 0.4449126737125159
279 0.46608288328371883
280 0.46608288328371883
281 0.5147929391554857
282 0.5147929391554857
283 0.4095555017213882
284 0.4095555017213882
285 0.45252517488724525
286 0.45252517488724525
287 0.44641577806038746
288 0.44641577806038746
289 0.46339307474734026
290 0.46339307474734026
291 0.6543709819400972
292 0.6543709819400972
293 0.5649616324000519
294 0.5649616324000519
295 0.6217798250825453
296 0.6217798250825453
297 0.5672633311855803
298 0.5672633311855803
299 0.6406031631400378
300 0.6406031631400378
301 0.5722645531829479
302 0.3819817376334379
303 0.3819817376334379
304 0.44063156197719244
305 0.44063156197719244
306 0.8270858917255673
307 0.8270858917255673
308 0.6959643641520507
309 0.641120452889501
310 1.101533729590417
311 1.101533729590417
312 0.9155587911979355
313 0.9155587911979355
314 0.9172242252656021
315 0.9172242252656021
316 0.9446551458231878
317 0.9446551458231878
318 0.9619755252643792
319 0.9183865924101525
