0 0.5031653164315194
1 0.6327836880576692
2 0.5556040234190878
3 0.5246627906091609
4 0.5574182805543739
5 0.5574182805543739
6 0.5973789250324748
7 0.5116796361089453
8 0.3732332816697406
9 0.5257471937939889
10 0.6218021487357116
11 0.5896803483407432
12 0.5586991899673108
13 0.7534754912836163
14 0.7534754912836163
15 0.4888983485945947
16 0.5358356435325288
17 0.723375664477949
18 0.6255686586330274
19 0.5016059404567691
20 0.6347890120796218
21 0.6272369526785334
22 0.5771165989097549
23 0.7273912454343597
24 0.5390982521337822
25 0.44932175424041293
26 0.5855605540264911
27 0.5855605540264911
28 0.4914283701263253
29 0.5614314134396406
30 0.6518738816284532
31 0.4965098639826304
32 0.7234830177124291
33 0.6612560701602175
34 0.41505585600937256
35 0.41505585600937256
36 0.49354762169817423
37 0.44515514792211386
38 0.6733814099920485
39 0.6242935855746417
40 0.4423244784893411
41 0.4423244784893411
42 0.671207132876142
43 0.5474181824601773
44 0.615841812088699
45 0.5238167189624224
46 0.5868845462252247
47 0.5092722819579396
48 0.41787567192502717
49 0.6023759506951368
50 0.6023759506951368
51 0.5492230346640463
52 0.4176088687378994
53 0.4176088687378994
54 0.4451147049297194
55 0.5608401715903931
56 0.6503420687642194
57 0.5756663916132568
58 0.4714351683243215
59 0.4714351683243215
60 0.6724313434354426
61 0.6724313434354426
62 0.7818521339218224
63 0.7818521339218224
64 0.7376956881476675
65 0.47207796340943275
66 0.6616217363331215
67 0.7541280885509911
68 0.6515600005728969
69 0.5323771159625705
70 0.5323771159625705
71 0.5048026842499532
72 0.7237794452330247
73 0.5917055430142556
74 0.5771370942969858
75 0.5539708819395863
76 0.450248877380087
77 0.5068170959129628
78 0.5192608246932909
79 0.5283567620319366
80 0.5718354894240386
81 0.4460539947445796
82 0.4460539947445796
83 0.7027856908810968
84 0.3262413408893038
85 0.5827406347550188
86 0.5827406347550188
87 0.5220076792540753
88 0.6613343816692475
89 0.4595374482094752
90 0.6344327071478606
91 0.4993451678456452
92 0.5337383349869047
93 0.6681449179458285
94 0.5668005077452468
95 0.4454496012891054
96 0.579688321206819
97 0.7351589475806524
98 0.7351589475806524
99 0.6830575619660584
100 0.5564753793526502
101 0.5564753793526502
102 0.6388353799433977
103 0.6770060745810946
104 0.5264189981985674
105 0.6582687869037016
106 0.46017434371584054
107 0.6610280415941324
108 0.5798232728602054
109 0.6573684139912304
110 0.6573684139912304
111 0.6461688069455717
112 0.5770764915838918
113 0.6446133114886939
114 0.6446133114886939
115 0.6461799199611219
116 0.6751456148130577
117 0.6751456148130577
118 0.4600922734238546
119 0.6979199243613632
120 0.46812883292317514
121 0.7876198024605712
122 0.5784754625059383
123 0.5626899431334059
124 0.5778655332597016
125 0.4818037197279304
126 0.6254791934158862
127 0.43314807276464695
128 0.6724242102244183
129 0.6532230274729012
130 0.5662958437727869
131 0.5448865704634318
132 0.7961642150206909
133 0.6539116981511719
134 0.6539116981511719
135 0.663575723465016
136 0.5581269554939527
137 0.4444682168635389
138 0.5900778908476607
139 0.7268279101572577
140 0.5615018603862773
141 0.6656229246775673
142 0.5150326821980075
143 0.6363850246335988
144 0.5083093168442486
145 0.4553830477808066
146 0.5906156525530086
147 0.6127378370823482
148 0.7398072090293688
149 0.6842057308940621
150 0.5199026387190666
151 0.5199026387190666
152 0.6545768970054039
153 0.6545768970054039
154 0.5941323470326129
155 0.6280083378322353
156 0.6280083378322353
157 0.5918065842222957
158 0.5684059671166614
159 0.5197803911754134
160 0.5894059624319999
161 0.5894059624319999
162 0.4887813243832407
163 0.6155497001953019
164 0.6155497001953019
165 0.5221142443316611
166 0.5953862655097327
167 0.5910449321613749
168 0.553797144385628
169 0.553797144385628
170 0.5072092869679931
171 0.6730124792655713
172 0.7013025546820773
173 0.47076648380065134
174 0.5940051208925871
175 0.5940051208925871
176 0.6844139029330044
177 0.7559588498923445
178 0.6864995650385448
179 0.7381901583998489
180 0.5712555071030276
181 0.5736257567821647
182 0.6420364654073774
183 0.6420364654073774
184 0.6275475778456823
185 0.4337081178898434
186 0.4337081178898434
187 0.46291663861886034
188 0.5616814879192092
189 0.6271943184878385
190 0.6272083149214497
191 0.5327848007599049
192 0.6131961768193677
193 0.6372767208284987
194 0.5874768151436022
195 0.5777278146513042
196 0.7475227528825571
197 0.686464658178024
198 0.6122247695599413
199 0.7068426823940483
200 0.7068426823940483
201 0.5103771454350894
202 0.5629013766058004
203 0.6975790087770952
204 0.5130486787153076
205 0.5361172034061302
206 0.680100273241931
207 0.4879932096062171
208 0.4808894948297888
209 0.5746579928569423
210 0.5746579928569423
211 0.6808718315601967
212 0.5894306387834198
213 0.6227124731851101
214 0.6091984521906756
215 0.6281431331281889
216 0.5880984261979172
217 0.5748063996659488
218 0.6493248146683815
219 0.43512452953942216
220 0.6870191583429635
221 0.516227102095067
222 0.6172069702157116
223 0.5795584157888013
224 0.43841062979099965
225 0.43841062979099965
226 0.6284890832269207
227 0.6284890832269207
228 0.5379887065803352
229 0.41288042787995294
230 0.3802873898705921
231 0.630029523120466
232 0.6997909394912083
233 0.6940933484218101
234 0.5285626769319628
235 0.5629655065310448
236 0.5629655065310448
237 0.47270990581149586
238 0.47270990581149586
239 0.5751301511211221
240 0.5930229648952214
241 0.5258774111960506
242 0.5889153125672941
243 0.5655100295317542
244 0.5655100295317542
245 0.40934699788586815
246 0.6398530846322383
247 0.6210840009753525
248 0.6210840009753525
249 0.6602404949516313
250 0.6672433050261858
251 0.557881412029949
252 0.5785298951440315
253 0.4837972832521271
254 0.7095344833077686
255 0.5473466014881307
256 0.6053819789079207
257 0.6053819789079207
258 0.49235441762754867
259 0.49235441762754867
260 0.6462075398733524
261 0.4256855424943041
262 0.5922512752123317
263 0.5011054190426039
264 0.551020464777983
265 0.44876911426960364
266 0.5841908288954313
267 0.7208435200015517
268 0.7208435200015517
269 0.5602042784005248
270 0.7202484419232299
271 0.5304060551281858
272 0.49343727332373
273 0.6836896255285944
274 0.3943519146043494
275 0.58903114705085
276 0.7142867444744857
277 0.7142867444744857
278 0.5591774772385749
279 0.7544833441656497
280 0.4900811566042236
281 0.4900811566042236
282 0.6225800835198375
283 0.5448016609819539
284 0.6140715451297444
285 0.7115543021307369
286 0.8445112066812925
287 0.5983965139424192
288 0.5480906712206403
289 0.614116045989499
290 0.6354773348669667
291 0.6338595400314032
292 0.6338595400314032
293 0.7677646129052152
294 0.6258052100749528
295 0.5512875826487438
296 0.5512875826487438
297 0.7003173551200974
298 0.609129054237332
299 0.6873154479889154
300 0.8148694334645301
301 0.49144648252459755
302 0.4504255018389527
303 0.5100124799353652
304 0.5430874395252682
305 0.7574101511491209
306 0.7574101511491209
307 0.561216337685007
308 0.5782771654873549
309 0.5782771654873549
310 0.5882143366848983
311 0.5583520991347033
312 0.6541975510612771
313 0.6955228512770582
314 0.7060020541514235
315 0.4919750745912364
316 0.6130470020525427
317 0.682743960560469
318 0.7297958626726272
319 0.7754802243523957
