0 4.903586060935089
1 7.537088036766862
2 6.7996567867758415
3 3.830120803008387
4 4.156127764156473
5 6.854301766042164
6 10.44651026103681
7 4.584004781020017
8 1.7958516431447775
9 6.881620486791855
10 5.551338392448518
11 2.2107757622246558
12 5.623971239810078
13 8.181418643580034
14 3.460381110099561
15 9.1496767061599
16 3.380875385958356
17 6.218055109636521
18 6.218055109636521
19 4.79076707895233
20 3.053050871365178
21 4.197002462448609
22 6.057540516084734
23 3.833620115545631
24 3.833620115545631
25 1.4383810641329653
26 3.36867028089065
27 1.9987538006655514
28 0.6985716249683369
29 6.4986708570739395
30 5.815652284054758
31 2.2207380023850503
32 2.2207380023850503
33 5.951539758675696
34 5.951539758675696
35 2.6345601139063985
36 3.992330632699033
37 8.078530384425559
38 4.426865664925949
39 6.363178696496599
40 3.6810558843380887
41 3.6810558843380887
42 5.18308330015786
43 7.050631902946668
44 7.050631902946668
45 3.2527155085655686
46 6.935090188491024
47 2.7205994897913754
48 5.408599397494355
49 11.885778766904293
50 4.041227199927772
51 4.041227199927772
52 8.669537555654417
53 4.546503869276791
54 3.238224516368607
55 1.1258048846728546
56 7.2384533024469455
57 7.147661910483622
58 4.480323398261757
59 5.460245145910504
60 5.460245145910504
61 7.653948716298512
62 0.47153980671448004
63 0.47153980671448004
64 1.6844458838266072
65 4.797207505763644
66 4.583130028123196
67 4.988210492943264
68 4.988210492943264
69 5.8039823168756755
70 1.0664518189265273
71 3.7575123601553666
72 5.832285385946028
73 7.773981918449496
74 4.443383627917989
75 0.1
76 4.9013744291182055
77 4.107649281366745
78 1.1777359051953256
79 10.493370363299164
80 10.493370363299164
81 4.2589430790390645
82 4.2589430790390645
83 3.588898358996976
84 3.0205332783638177
85 3.0205332783638177
86 4.292237141364266
87 9.828905999114546
88 9.828905999114546
89 2.5662958835952847
90 3.9206585115396146
91 0.1
92 4.045765794390973
93 4.045765794390973
94 13.412301838481802
95 6.867679944507714
96 4.755727999475545
97 5.510707755820891
98 4.482009789561169
99 2.3973800923581705
100 5.709759130977006
101 6.947590069887072
102 2.8785009789108282
103 4.5242069697185565
104 5.871294596627641
105 3.994242225156304
106 2.879359310249926
107 5.8440719525418405
108 5.8440719525418405
109 5.693246050138464
110 7.443685893770139
111 7.443685893770139
112 3.7410086486856566
113 3.7410086486856566
114 2.9058368760425015
115 2.998255919425943
116 6.794400789711735
117 6.332909082627783
118 3.06246167089017
119 2.1230359585671303
120 5.055058732764442
121 5.29385751158759
122 4.322627571856243
123 4.153822953692172
124 4.153822953692172
125 3.990766101433724
126 3.707830611644349
127 3.707830611644349
128 6.421430607332184
129 5.452441606993023
130 1.4479860575163337
131 5.494614624230796
132 0.7850300074157821
133 3.80953446498407
134 1.3483957867013858
135 7.944756620490544
136 7.15517718625173
137 6.040297468887793
138 5.357683307993774
139 7.8255764790095075
140 5.3934370881495495
141 1.978306042311547
142 4.027576057196897
143 4.027576057196897
144 3.3836790297209323
145 3.052363352149323
146 2.1218587051020243
147 3.1432345063879668
148 3.888607592041806
149 6.845305088596672
150 3.8804521741193314
151 2.9616060776952007
152 4.360017188591781
153 1.8027215183187844
154 6.723571119090976
155 12.022735516867478
156 0.8520713845577648
157 3.5432900335572413
158 1.7364155614272683
159 1.7364155614272683
160 5.041050842980839
161 5.721705134546339
162 4.379291130280524
163 3.7029967149804826
164 2.8670807187283986
165 4.160897800890941
166 2.3887943554777635
167 2.3887943554777635
168 6.452808718177326
169 4.43775501429663
170 2.168006285597374
171 3.5887358231374513
172 3.5887358231374513
173 10.01147405287752
174 7.156452713052102
175 1.0708527214981967
176 3.0948156650686784
177 3.5471468203633822
178 3.5471468203633822
179 3.2348960714179813
180 1.1743612509614456
181 7.243457949654682
182 7.243457949654682
183 5.80374993427103
184 5.80374993427103
185 0.7448757187249457
186 3.431097897725969
187 1.7399680255683108
188 8.687353606019395
189 7.553798655790946
190 6.332002779941552
191 5.078158948224508
192 7.155872649967737
193 4.623218844374432
194 5.274400800817196
195 6.272060694050252
196 1.1047771633493664
197 1.1047771633493664
198 7.178815922527785
199 2.025096134254645
200 4.244234688426156
201 4.982517964757701
202 2.1257588130629825
203 4.2481355710683015
204 5.294182564238451
205 4.467233751233792
206 1.8906149475897271
207 1.8906149475897271
208 3.45494763082616
209 3.45494763082616
210 0.4941014259732963
211 6.329168419235868
212 2.441664860769582
213 6.557452598297745
214 7.815433903376563
215 3.8215804280884846
216 6.265567978743738
217 6.265567978743738
218 2.401210163477045
219 3.4204953922522394
220 3.3131788904048483
221 8.503089706248657
222 8.503089706248657
223 5.886149726881512
224 0.1
225 4.621994719688412
226 2.361443302204972
227 3.893796284553082
228 2.2485658428465243
229 3.088931885089233
230 3.6916964941253974
231 1.529330476513302
232 3.006199822589646
233 5.480141994711467
234 5.480141994711467
235 2.9227747935991615
236 7.910342276190802
237 3.4716012902377593
238 0.1
239 4.046126205424585
240 5.711529960543201
241 2.1660078022460003
242 6.9280662403963795
243 7.319349771461479
244 6.008559890732634
245 2.358216643553991
246 7.159441820719114
247 5.728966433029978
248 5.728966433029978
249 6.328546340400706
250 6.328546340400706
251 6.894519942303108
252 7.505578317786018
253 6.145737431796519
254 6.145737431796519
255 5.579634240834773
256 2.4942927847239798
257 0.4105458102193751
258 3.824763585439226
259 3.602590169128451
260 0.9064062770229819
261 0.9064062770229819
262 3.3991075974053637
263 4.057365720622926
264 1.4777260554139886
265 1.4777260554139886
266 3.4634227799097475
267 8.788779074367373
268 3.751912327802125
269 3.135323613356864
270 1.5430444540679917
271 5.188055462329517
272 3.1133379229420832
273 5.252248102991007
274 3.2966837245166127
275 2.001498137249326
276 2.001498137249326
277 2.4498021265593524
278 4.411718095886823
279 5.529175274607972
280 6.541208526500657
281 6.541208526500657
282 3.628960161477996
283 5.450023121256965
284 5.450023121256965
285 6.83796063728488
286 6.638874490109231
287 5.041152776583437
288 3.0844452180671516
289 4.191705041400921
290 4.578640281429354
291 8.972809951695961
292 3.8766481355667084
293 7.068475981557685
294 6.376944580090619
295 9.665635007351542
296 0.770469897870778
297 3.699071349047032
298 3.699071349047032
299 7.922803109066249
300 5.581331956524258
301 5.581331956524258
302 8.455600032181568
303 5.830670652188015
304 4.349328177471667
305 2.50808423156049
306 4.59408852577541
307 8.963413161324805
308 8.963413161324805
309 6.280758508381567
310 8.13493959217841
311 0.1
312 1.007532215289539
313 10.91587828393935
314 7.366964444791405
315 2.8584522658293485
316 3.4746448673263988
317 5.097425497756774
318 5.5807443748819745
319 5.758590342840815
