0 0.24933297960164466
1 0.6215441060741791
2 0.41146639167439136
3 0.2260879894169414
4 0.26664634079884025
5 0.26664634079884025
6 0.47915936922887714
7 0.38446293073559434
8 0.2775278895597272
9 0.6269389320786315
10 0.44421739362491197
11 0.44421739362491197
12 0.34842350694606605
13 0.37239491994049556
14 0.41180517001408334
15 0.25522051090386466
16 0.5329842598878818
17 0.3113999099785996
18 0.5032013145157332
19 0.5291281519272752
20 0.5291281519272752
21 0.37659554019818076
22 0.4769322161481623
23 0.4769322161481623
24 0.557028894793854
25 0.5897018875072549
26 0.37354529647558804
27 0.32985269285099833
28 0.46230525542239453
29 0.6421177292687105
30 0.34644819896057877
31 0.20947000213223244
32 0.20947000213223244
33 0.18589739525473722
34 0.5444905898518304
35 0.5995288080693613
36 0.5728968414700194
37 0.5728968414700194
38 0.2854183219775721
39 0.38234906868366325
40 0.24410962498153524
41 0.3384634970899895
42 0.3384634970899895
43 0.4416516786278447
44 0.5296130953042232
45 0.19431356120928817
46 0.5144536511783766
47 0.5144536511783766
48 0.24911978336091542
49 0.27409399523607064
50 0.48635981272625706
51 0.5706080309066421
52 0.5444184629328198
53 0.6501288076541791
54 0.34749881464670235
55 0.3877785274101328
56 0.22009673690414971
57 0.3095195502683297
58 0.4275506236263183
59 0.25612806559741735
60 0.6398056578274519
61 0.2915810028634873
62 0.5421971340459717
63 0.5421971340459717
64 0.20134351521734728
65 0.16863478952449415
66 0.4331411075807986
67 0.3310641128320901
68 0.21973281479605145
69 0.48634057748290627
70 0.6451697504018418
71 0.21225653759368165
72 0.5277476001772826
73 0.2505538404213646
74 0.2505538404213646
75 0.47701617167070637
76 0.6103566446839038
77 0.34980151936385756
78 0.4304905786000514
79 0.5597673011957189
80 0.5001008248505241
81 0.28953131947416794
82 0.5579126832548139
83 0.5579126832548139
84 0.5636705688275178
85 0.5857715313566796
86 0.24274805669224753
87 0.3188474630251533
88 0.7480837301754749
89 0.3490030347335193
90 0.3104139235575957
91 0.39990701536354434
92 0.15397648274543596
93 0.4955912794543066
94 0.3307222818699805
95 0.5232288399062689
96 0.47830967138790975
97 0.3760910728567314
98 0.3318980888523948
99 0.5584333346409216
100 0.4797571865809005
101 0.3785951892064995
102 0.3785951892064995
103 0.41547945579615586
104 0.5635299571706368
105 0.44774775011213475
106 0.4462504495951124
107 0.4462504495951124
108 0.21785432547074543
109 0.37410355965674336
110 0.45355133202334363
111 0.3281737547463533
112 0.5415142522982773
113 0.4947776846026861
114 0.5614609375386742
115 0.42779624232602903
116 0.5320881757734582
117 0.5320881757734582
118 0.7484844022867744
119 0.7484844022867744
120 0.3295799085461228
121 0.4952494380300482
122 0.22853815441543876
123 0.32385521093658565
124 0.6160377224268753
125 0.333239132095619
126 0.5775908587141722
127 0.47001504706562847
128 0.47001504706562847
129 0.5404942249625587
130 0.5404942249625587
131 0.6525000411589139
132 0.5945056300748293
133 0.38584710762190594
134 0.22525746845598457
135 0.4745885240663991
136 0.4745885240663991
137 0.2509978573635702
138 0.4164354637875773
139 0.4164354637875773
140 0.503185675802305
141 0.3940967915740971
142 0.6220664187876408
143 0.2533304338261527
144 0.5665651303118159
145 0.25989739565749026
146 0.5634891469360794
147 0.3393206345635979
148 0.3393206345635979
149 0.4508624639171834
150 0.3997427354311436
151 0.499318364895701
152 0.4621647209865949
153 0.4621647209865949
154 0.44895248263715415
155 0.3670090526611837
156 0.4931262294850569
157 0.6321570732927916
158 0.6076759288644261
159 0.6458890501289806
160 0.37161245288228817
161 0.28210487050462474
162 0.5578934169607912
163 0.3824745630985861
164 0.18861304745449473
165 0.503880678779235
166 0.3930593175687137
167 0.4283905061558286
168 0.6575805081389526
169 0.34312801021015077
170 0.5578657715657938
171 0.5578657715657938
172 0.32878210526347734
173 0.32878210526347734
174 0.5066260826807228
175 0.22324959940530356
176 0.22324959940530356
177 0.2948510698400065
178 0.33657551614039616
179 0.38243905917027815
180 0.38243905917027815
181 0.3947352957243203
182 0.4605457548845805
183 0.22648574496106347
184 0.5002464234955141
185 0.5117057456137881
186 0.5098220627133891
187 0.39727498546172113
188 0.4579533372233051
189 0.3079098161451501
190 0.32686311661371836
191 0.4540010210049515
192 0.6582101798770594
193 0.44445823446240396
194 0.5512311459081592
195 0.26993410053264344
196 0.5177199197115736
197 0.568304627716668
198 0.2103618677723982
199 0.4331121827975207
200 0.5715634112664333
201 0.30549887475760407
202 0.49482759046083213
203 0.5640381550840007
204 0.43789201249278076
205 0.43789201249278076
206 0.2269385709222805
207 0.3917477117033788
208 0.3917477117033788
209 0.46391046925450313
210 0.3364006098305366
211 0.5578822517746289
212 0.38477797875540337
213 0.2733994514751286
214 0.4033334714252123
215 0.30327181810597736
216 0.4149310869429793
217 0.7501019044077368
218 0.4173156045163867
219 0.5512833932926087
220 0.4062840567035352
221 0.5370765501457118
222 0.3915229424016808
223 0.3915229424016808
224 0.1824852851859111
225 0.491389140136384
226 0.42382941706279503
227 0.26791997110165494
228 0.2701885975516891
229 0.2701885975516891
230 0.4777787815355072
231 0.30935274564414955
232 0.30935274564414955
233 0.44901653248952406
234 0.5502879477309474
235 0.5502879477309474
236 0.6561653739689349
237 0.4590381946283239
238 0.4590381946283239
239 0.4859204168422155
240 0.4859204168422155
241 0.35088552963008557
242 0.21202246917968326
243 0.328889096424588
244 0.19644177528387552
245 0.4175164526653978
246 0.2617268874440672
247 0.43630380340218844
248 0.3348043982959536
249 0.3348043982959536
250 0.28213810057443794
251 0.4791036220557647
252 0.36549048873413337
253 0.4494462784435343
254 0.2993257072795929
255 0.4342111008166478
256 0.5469542967156553
257 0.41497120098940943
258 0.3592213428160488
259 0.35997711095451224
260 0.40966374379441445
261 0.40966374379441445
262 0.27735122037150756
263 0.3973547482826667
264 0.25342791812153564
265 0.5534580839503239
266 0.6111326254967494
267 0.5535570766142959
268 0.6807802727961777
269 0.45582625665057375
270 0.5925115240313664
271 0.5925115240313664
272 0.4578333228469465
273 0.3041540592877503
274 0.26519816781656363
275 0.4477641232927433
276 0.26405123326035795
277 0.5966606879711224
278 0.22355002974471316
279 0.4265669923795671
280 0.313822489083626
281 0.4966806125036883
282 0.47110116799645846
283 0.2764299550324373
284 0.5485975531316746
285 0.3459553008935768
286 0.5226011303405852
287 0.47848554854671904
288 0.48873258966080524
289 0.48873258966080524
290 0.26538053014220936
291 0.44640072126684044
292 0.3155972891062995
293 0.45768101865495076
294 0.45768101865495076
295 0.4273287264304488
296 0.6645956530137628
297 0.4416087030845644
298 0.366712717649701
299 0.366712717649701
300 0.41907043453460907
301 0.41907043453460907
302 0.21649550660284897
303 0.480988584926628
304 0.5423753378645992
305 0.48909190682898634
306 0.3833303249396649
307 0.4829809232136024
308 0.25933536693420944
309 0.3543003763960082
310 0.5550215330279927
311 0.5550215330279927
312 0.5103371956013067
313 0.31616415235703016
314 0.5313310543670594
315 0.28869746950541164
316 0.4733953915052865
317 0.27394270312074337
318 0.5246400283925633
319 0.5246400283925633
