0 1.3538025597293932
1 0.9418573599244962
2 2.0206825048188155
3 0.8583417820169592
4 1.5335390513849614
5 1.5335390513849614
6 2.459442622609202
7 0.4943830985705949
8 1.2873958583803164
9 0.1
10 1.655102832399543
11 0.5415066750192604
12 0.5166011924068299
13 0.48832438881473056
14 1.3603476700510784
15 0.8421383382444761
16 0.5780195623520068
17 1.8559938640800673
18 1.8559938640800673
19 1.550256355473575
20 0.5854680576308758
21 0.939411763010734
22 1.6098895746863164
23 1.6098895746863164
24 0.6147742528601001
25 1.5513531958776166
26 0.6409117138754983
27 0.12524441260470742
28 0.746215058970694
29 1.3005641538664072
30 1.3005641538664072
31 1.5346553682931572
32 1.5346553682931572
33 0.8485593642211502
34 1.8109424028869592
35 0.5380875410672811
36 1.8939859975803783
37 1.7047396500204344
38 1.777084808429817
39 0.466479111610978
40 0.996009009567213
41 0.7230366731958586
42 3.0815482968052024
43 3.0815482968052024
44 0.5175372854793491
45 2.134658948496525
46 0.913259378760538
47 0.951048775506926
48 1.0834285020002528
49 1.4588343725787145
50 0.6677613797419658
51 0.6439764506705541
52 0.945148959636565
53 1.2136279934804808
54 2.045955205706475
55 0.14142922387876755
56 0.1
57 2.1846249806736964
58 1.279837148789996
59 1.1740538178588626
60 0.10379187688560587
61 2.1147149612894722
62 2.1147149612894722
63 1.1806413154190114
64 1.1806413154190114
65 1.62029493218763
66 0.6884755662540328
67 0.4526975055877098
68 0.4526975055877098
69 1.700135146514824
70 0.6894904541714455
71 0.7500903635479701
72 1.0268455781849914
73 1.459819636426823
74 1.459819636426823
75 1.819312931412328
76 0.4775934890201914
77 0.4752111057872814
78 1.6375639355016973
79 0.3629216805105241
80 0.8173842432374397
81 0.30990184369361273
82 0.46006448547250506
83 1.4960900310838259
84 0.46430428045417643
85 1.3958911554418973
86 0.5397365651333238
87 1.2435148482845957
88 1.3083152103974103
89 0.411941884329467
90 0.411941884329467
91 1.3400425334632142
92 0.2742274793322744
93 0.7263683812474597
94 1.0529083794479206
95 1.966682015488793
96 0.9696666707990722
97 2.8611773468635846
98 2.8611773468635846
99 2.0828826479470948
100 2.0828826479470948
101 1.6992342961583897
102 0.3561169868537975
103 0.3561169868537975
104 0.3627208741810178
105 0.18094524760224312
106 0.883207675606082
107 0.318931460543065
108 2.4597107363396487
109 2.4597107363396487
110 0.8050350608148602
111 0.5635895428272915
112 0.5635895428272915
113 0.22250204762698822
114 1.8035247898937625
115 1.8035247898937625
116 1.1920781687239814
117 0.1
118 0.6868895612564617
119 2.1038475798510037
120 2.638402130097286
121 1.870966620474185
122 1.870966620474185
123 0.7417234282620658
124 1.1134490227310447
125 1.5290552729493014
126 1.5290552729493014
127 3.4207921950093034
128 2.0040826314227314
129 0.4704204174812233
130 1.261629124321125
131 2.3824608419545728
132 1.109828767308679
133 0.24665178599193893
134 0.7889334628777035
135 0.20798941389900327
136 1.7538262017492232
137 0.8041020794196306
138 0.8041020794196306
139 0.4595941531197544
140 0.4450727309114803
141 0.574324473080893
142 0.574324473080893
143 0.6212847648834057
144 0.6212847648834057
145 0.1
146 0.2874156465606541
147 0.1868128901723165
148 0.7289870713552133
149 0.9980797650516864
150 0.9980797650516864
151 1.4067982722244392
152 0.6112491557365667
153 1.0287231818470621
154 0.3325591382563641
155 2.041839611852017
156 0.5129395315057407
157 0.6564589783731792
158 0.6564589783731792
159 0.3827654302828346
160 1.4312310908748764
161 1.4312310908748764
162 1.3588049779524378
163 2.1260537238330635
164 2.171286214801325
165 0.3239210515511976
166 0.35778365548796853
167 0.6981689670373348
168 0.6981689670373348
169 1.2839204098747787
170 2.056913787885126
171 0.8100394252934165
172 0.6267736979042886
173 0.5400920128054625
174 0.4699430746637715
175 3.0034878435399635
176 1.6885150884529194
177 1.6885150884529194
178 1.3151874419819864
179 2.4102134540668034
180 0.4145303823457119
181 0.8254649357710684
182 2.2644346714062733
183 2.2644346714062733
184 2.975761319432786
185 1.7246765624746334
186 0.726479948622443
187 1.8692986803901617
188 1.8692986803901617
189 1.0966887500931106
190 1.0966887500931106
191 0.3280970084342981
192 0.6723526505953504
193 0.8001865520520924
194 0.1580773508658153
195 0.5755761673563698
196 1.829534703994101
197 1.9802961211878651
198 1.9802961211878651
199 0.1
200 1.0316407040046935
201 1.2668290974983658
202 1.2668290974983658
203 0.6349604005347408
204 0.7681093534139981
205 0.8379021728552228
206 0.6347379394750821
207 0.23427141810487517
208 1.0832132197877602
209 2.0716316570647684
210 0.5946136242829607
211 1.0722175338001685
212 1.692124354788481
213 2.182729955744986
214 1.6167056710334575
215 1.6167056710334575
216 1.351798123621919
217 0.5199864834641255
218 1.2679318170716238
219 0.9681070157028735
220 0.6563314693797937
221 0.1
222 1.3168122825201036
223 1.3168122825201036
224 0.3247723720422411
225 1.4249331157467953
226 0.42476500180230947
227 1.2048156537396695
228 1.2048156537396695
229 0.5197062050891147
230 2.314521278416821
231 2.314521278416821
232 1.1102657495815569
233 1.1102657495815569
234 1.3183172020402303
235 1.5210393199269507
236 0.4957876853646349
237 0.7740297785873428
238 0.542853500945931
239 0.6590651322559072
240 0.31851422733032453
241 0.9810970523518032
242 1.2858318292049646
243 0.7043682456751524
244 1.396735796816676
245 1.396735796816676
246 0.1835440295293287
247 0.9947156229690253
248 2.5972192443229147
249 2.5972192443229147
250 2.0558399281144264
251 0.70884137387886
252 0.2983174831556989
253 0.2983174831556989
254 2.398653725120779
255 0.9386702401853956
256 0.9386702401853956
257 1.5546569738108253
258 1.5546569738108253
259 2.0231260798960675
260 2.0231260798960675
261 1.212341775868614
262 2.087129309206094
263 0.968008442896139
264 0.686182951749244
265 0.14499469200823534
266 0.14499469200823534
267 0.9224116315070412
268 0.8734839715286475
269 0.8734839715286475
270 0.1
271 0.8209188207662954
272 0.14657715847883515
273 0.6357408191358757
274 1.6159084093259986
275 0.8693727225141223
276 1.3894045153011305
277 0.5063462769955068
278 1.708623514218211
279 0.34747634384526327
280 0.34747634384526327
281 1.5626401657696047
282 1.5724480093410969
283 1.2424887532029
284 0.8852091598162916
285 0.4027592842631017
286 0.7161285080359857
287 0.7161285080359857
288 2.181103409871062
289 2.181103409871062
290 1.0811088978967758
291 1.0811088978967758
292 0.1
293 0.2762125053821286
294 0.546360827823335
295 1.258746563453923
296 1.315565950581079
297 2.167334057135974
298 1.0054470035318128
299 1.0054470035318128
300 0.6010500379784991
301 0.6010500379784991
302 0.4936395522976806
303 2.420316811513686
304 2.3063319628570818
305 2.3063319628570818
306 1.361036836062873
307 0.6521111241022056
308 0.1945254532968438
309 2.085665438023544
310 3.0047360639717837
311 1.73846353457213
312 0.647061170995875
313 1.7422218056800547
314 0.5095749487714629
315 0.5394784459451423
316 1.7190521981314026
317 1.6358701240036209
318 0.8830453506826651
319 1.254234107794202
