0 0.3130308965510969
1 0.5061977866472644
2 0.6492505536854007
3 0.41725606179649055
4 0.5550651957055618
5 0.5798110884836447
6 0.9416117757045797
7 0.7110955685494544
8 0.42884519797962023
9 0.5120236024493711
10 0.9403582317937147
11 1.0295888451024893
12 1.0873494887365416
13 0.6463328194578293
14 0.6539167127734269
15 0.8924638682834288
16 0.4473698900530195
17 0.8992331776087313
18 0.6360002278131056
19 0.6733925913199875
20 0.7504025692442462
21 0.5586231560058924
22 0.44688770616347134
23 0.7144228756110638
24 0.49929771291084796
25 1.1120313876677903
26 0.5786340671031652
27 0.3951755319549307
28 0.8253146307357515
29 0.7634864311802969
30 0.6615245895932519
31 0.301472364339871
32 0.3622360179125459
33 0.8778425447596853
34 0.6780680614169537
35 0.5215448661044718
36 0.8445146591447699
37 0.5149840466985073
38 0.7226033736521278
39 0.3510695116359278
40 0.6901747925064444
41 0.5397497624406569
42 0.871542328419365
43 0.40101832914884517
44 0.8419903189521923
45 1.0113706518057801
46 0.7424554712389319
47 0.8432387069172164
48 0.7059209676092764
49 1.0366848967322857
50 0.7329886546619875
51 0.698895824839721
52 0.8613818012511478
53 0.8196883189363819
54 0.6701539073274407
55 0.7442181205915781
56 0.49862376849657297
57 0.41201804954142546
58 0.5540400129408166
59 1.0509687052480627
60 0.8674506111389833
61 0.9364688877895478
62 0.8225642978485824
63 0.37029592004728135
64 0.8621267155388221
65 0.7464869372903853
66 0.6741381050364669
67 1.135398311910489
68 0.5079683265423912
69 0.7867438963912845
70 0.37834433936758954
71 0.45681211779477393
72 0.5864349891380872
73 0.5224782852645772
74 1.01054329286617
75 0.6133335231158817
76 0.8642940727386007
77 0.47089975236012266
78 0.43268168512633065
79 0.4396758144951506
80 0.9775526611720832
81 0.4070987912047904
82 0.7932431657006863
83 0.4531441040948223
84 1.0127275341327333
85 0.8638755233990185
86 0.42388772480080533
87 0.592346733724984
88 0.6421997983866378
89 0.41286361974028213
90 0.4071901718516057
91 1.098322316107658
92 0.5367429774944087
93 0.7716915278419281
94 0.7998774341830541
95 0.47371305181845597
96 0.9594150299914357
97 0.7398283172809028
98 0.42358316740053764
99 0.7008863878848143
100 1.1129980753266637
101 0.8312745584970118
102 0.48411255221732263
103 0.3518065035372422
104 0.9681044023795424
105 1.1772927725986178
106 0.8436766824472115
107 0.7996074049388794
108 0.8094625256863947
109 0.9442107321166401
110 0.40979777450409993
111 0.44073741674035105
112 0.6914058271562156
113 0.7180573573173042
114 0.8461114441365761
115 0.8848335465009264
116 0.8737472932641968
117 0.4772391919059631
118 0.7688102410844418
119 0.37544872181993627
120 0.8880344897204664
121 0.6677489947542986
122 0.47169464957973667
123 0.26877002962999474
124 0.5129072680747062
125 1.0363028238089294
126 0.58566822260377
127 1.0518550627775283
128 0.7716051885981867
129 0.485066626548968
130 0.8099049559248033
131 0.49998742143139513
132 0.32823271990128905
133 0.686465300343156
134 0.7392447831702575
135 0.6850974830898222
136 0.29842783396318956
137 0.5613071903318572
138 0.31675640632262675
139 0.6290959569284416
140 0.5032524288431793
141 0.840950943746587
142 0.4879822734519611
143 0.5588901484127511
144 0.5144765365273125
145 0.6055110909760404
146 0.8903301909391403
147 0.45663478096823445
148 0.9323557591975214
149 0.4412784232201732
150 0.689668129668596
151 0.619463470372114
152 0.570415968652956
153 0.36593789853974384
154 1.0537799174190101
155 0.5768255586653126
156 0.8285468072127511
157 0.37709100560482883
158 0.6627929334488085
159 0.26846951594423124
160 0.5561508921770245
161 0.5119661945833006
162 0.7201076462944805
163 1.0527334923124452
164 0.5055268519549195
165 0.7417823921597241
166 0.7238678569440226
167 0.4341173119319605
168 0.9152459903727398
169 0.9947004929613372
170 0.7727334092471791
171 1.038010671095077
172 0.6579547554999737
173 0.9847685284550984
174 0.4272920903613924
175 0.9582986913300962
176 0.5643121501554159
177 0.9429537637947316
178 0.5583395376089774
179 0.6383368103663946
180 0.5546930371428207
181 0.8162109322837106
182 0.6896440273586762
183 0.7633579824687825
184 0.4507614207957862
185 0.32881562774969353
186 0.7722815615515863
187 0.557733998846615
188 0.5578838221296942
189 0.5717553928977671
190 0.8424960945467271
191 0.6829294774252893
192 0.5830753747340679
193 0.7329509491685162
194 0.37120733773765163
195 1.001516740712142
196 0.4725103990429771
197 0.8713288151890942
198 0.7970045151637261
199 0.4582846125762806
200 0.5408394354934151
201 0.5146289570201877
202 0.931291241196684
203 1.122761415072556
204 0.47517733929384454
205 0.6223972442378811
206 0.3563095693724234
207 0.8837107356347962
208 0.9357461452416986
209 0.436482886531977
210 1.079438580188886
211 0.6538118672424358
212 0.3365150943003409
213 0.3343699864594429
214 0.37538927320402293
215 0.4130448815026571
216 0.46367551400434637
217 0.5896718342174512
218 0.8948927094317543
219 0.8865177928091752
220 0.8734555747242805
221 0.9368245120282764
222 0.8217036650503083
223 0.5399381689899524
224 0.43435049138906556
225 0.7178279983929026
226 1.0525756354181643
227 0.5387049955024221
228 0.8096209121352262
229 0.8056040680430966
230 0.6257449185162974
231 0.5805653938604155
232 0.8551410143488729
233 0.7055050344353101
234 0.6834584911211901
235 0.45687222753662077
236 0.6834531784231864
237 0.8293081345195736
238 0.3975162245543636
239 0.9643953042362094
240 0.7772214535060251
241 0.47622843665130155
242 0.8305173421951603
243 0.38994202845411496
244 0.6684520712647591
245 0.36538007897393854
246 0.4488166686337604
247 0.371600440914465
248 0.9790482120798972
249 0.4279833316371227
250 0.7492764840792844
251 0.35822115330749515
252 0.8877106709142859
253 0.8221497747699638
254 0.4458491123039282
255 0.8263850860974178
256 0.5206153279417733
257 0.36478650574877947
258 0.9180611247113916
259 1.0786522107491896
260 0.5688916892048794
261 0.6202571278942339
262 0.3752618962701803
263 0.677224926239162
264 0.6091220300138195
265 0.9790862938510915
266 0.5318838582014666
267 0.5829829783326234
268 0.6352754054708027
269 0.7868481606157037
270 0.4285517575560966
271 1.0547508027661336
272 0.3995754577846264
273 0.5801221843815663
274 0.931154950086607
275 0.37575122362518076
276 0.43319363401609434
277 0.42736266910977244
278 0.4260744733136181
279 0.729819409425419
280 0.8752435919194006
281 0.4717830143296065
282 0.8040506746925175
283 0.6179832696230443
284 1.0959081303851619
285 0.6874729824346864
286 0.37107398982087114
287 0.5796738695342443
288 0.44737940547702265
289 0.4837433484899214
290 0.9901256269299225
291 0.7202434016549794
292 0.6194542740904753
293 0.8657433571516624
294 0.684961612524111
295 0.9093652377438114
296 0.6474723244302867
297 0.3008104309673023
298 0.6997010691312376
299 0.8664592375953976
300 0.5759362572142734
301 0.7896737724289291
302 0.706655317666276
303 1.025205168087592
304 0.49674011194098583
305 0.34569988798316875
306 0.962790362226949
307 1.0209661860848729
308 1.097675418386384
309 0.5366336135275395
310 0.4971065432305808
311 1.1231325738272864
312 0.5849888543128238
313 0.4257754347343575
314 0.7481819526136896
315 0.4033594521167381
316 0.7297974546702368
317 0.5512332636409557
318 0.6361147751370219
319 0.3611961101241895
