0 2.3536006131987284
1 2.3536006131987284
2 2.3536006131987284
3 2.3536006131987284
4 0.1
5 0.1
6 0.1
7 0.1
8 1.9668899541394422
9 1.9668899541394422
10 2.02270825128254
11 2.02270825128254
12 2.02270825128254
13 2.5454987566602414
14 2.5454987566602414
15 2.5454987566602414
16 2.5454987566602414
17 1.603982523028901
18 1.603982523028901
19 1.603982523028901
20 1.603982523028901
21 4.424013063543871
22 4.424013063543871
23 4.424013063543871
24 4.424013063543871
25 1.7637164364957256
26 1.7637164364957256
27 1.7637164364957256
28 1.7637164364957256
29 2.3610472612904188
30 2.3610472612904188
31 2.3610472612904188
32 2.3610472612904188
33 0.7845857626615031
34 0.7845857626615031
35 2.743437380876096
36 2.743437380876096
37 2.743437380876096
38 1.0781608005906145
39 1.0781608005906145
40 1.0781608005906145
41 1.0781608005906145
42 0.5052682027884718
43 0.5052682027884718
44 0.5052682027884718
45 0.5052682027884718
46 2.2423427982816633
47 2.2423427982816633
48 2.2423427982816633
49 2.2423427982816633
50 2.135864451066145
51 2.135864451066145
52 2.135864451066145
53 2.135864451066145
54 1.8944359103357493
55 1.8944359103357493
56 1.4393519965978745
57 1.4393519965978745
58 1.4393519965978745
59 2.3833231591403243
60 1.5231775294513485
61 1.5231775294513485
62 1.5231775294513485
63 1.7265307224493118
64 1.7265307224493118
65 1.7265307224493118
66 1.7265307224493118
67 2.33089484377724
68 2.33089484377724
69 2.33089484377724
70 2.33089484377724
71 3.300284959606189
72 3.300284959606189
73 3.300284959606189
74 3.300284959606189
75 0.9903468504835671
76 0.9903468504835671
77 0.9903468504835671
78 0.9903468504835671
79 0.8026482467778371
80 0.8026482467778371
81 0.8026482467778371
82 0.8026482467778371
83 1.4608231974085437
84 1.4608231974085437
85 1.4608231974085437
86 1.4608231974085437
87 2.272880524283253
88 2.272880524283253
89 2.272880524283253
90 2.272880524283253
91 2.3427015791985535
92 2.3427015791985535
93 2.3427015791985535
94 2.0104035117670533
95 2.0104035117670533
96 1.499441219706804
97 1.499441219706804
98 1.499441219706804
99 1.499441219706804
100 2.1488242747405253
101 2.1488242747405253
102 2.1488242747405253
103 2.1488242747405253
104 2.5158031252992887
105 2.5158031252992887
106 2.5158031252992887
107 2.5158031252992887
108 2.3576838993213367
109 2.3576838993213367
110 2.3576838993213367
111 2.3576838993213367
112 2.7593225594978046
113 0.16169812131073424
114 0.16169812131073424
115 0.16169812131073424
116 1.27052357757489
117 1.27052357757489
118 1.27052357757489
119 1.27052357757489
120 1.8477602630241017
121 1.8477602630241017
122 1.8477602630241017
123 1.8477602630241017
124 1.466522454732333
125 1.466522454732333
126 1.466522454732333
127 1.466522454732333
128 1.7461763502325307
129 1.7461763502325307
130 1.7461763502325307
131 1.7461763502325307
132 2.450662305858533
133 2.450662305858533
134 2.450662305858533
135 2.450662305858533
136 0.5436180636990535
137 0.5436180636990535
138 0.5436180636990535
139 0.5436180636990535
140 1.1860801866221782
141 1.1860801866221782
142 1.1860801866221782
143 1.1860801866221782
144 1.4345587838535985
145 1.4345587838535985
146 1.4345587838535985
147 1.4345587838535985
148 2.150355811255699
149 2.150355811255699
150 2.150355811255699
151 2.150355811255699
152 1.3518715183835066
153 1.3518715183835066
154 1.3518715183835066
155 1.3518715183835066
156 1.7107350666788788
157 1.7107350666788788
158 1.7107350666788788
159 1.7107350666788788
160 2.18893899022254
161 2.18893899022254
162 2.18893899022254
163 2.18893899022254
164 1.1494454688201277
165 1.1494454688201277
166 1.1494454688201277
167 1.1494454688201277
168 1.6590473693057788
169 1.6590473693057788
170 1.6590473693057788
171 2.4120941834207454
172 2.4120941834207454
173 2.4120941834207454
174 2.4120941834207454
175 2.9722827249603485
176 2.9722827249603485
177 2.9722827249603485
178 2.9722827249603485
179 1.7702627237805573
180 1.7702627237805573
181 1.7702627237805573
182 1.7702627237805573
183 2.0863597780436125
184 2.0863597780436125
185 0.6744321814922993
186 0.6744321814922993
187 0.6744321814922993
188 0.6744321814922993
189 2.3497857459853044
190 2.3497857459853044
191 2.3497857459853044
192 2.3497857459853044
193 0.1
194 0.1
195 0.1
196 0.1
197 1.674140274240092
198 1.674140274240092
199 1.674140274240092
200 1.674140274240092
201 2.1398995516290724
202 2.1398995516290724
203 2.1398995516290724
204 2.1398995516290724
205 1.694764685299583
206 1.6830890511360783
207 1.6830890511360783
208 1.6830890511360783
209 1.6830890511360783
210 2.367810928461709
211 2.367810928461709
212 2.367810928461709
213 2.367810928461709
214 2.3402089711105587
215 2.3402089711105587
216 2.3402089711105587
217 2.3402089711105587
218 0.1
219 0.1
220 0.1
221 0.1
222 1.484854754716595
223 1.484854754716595
224 1.484854754716595
225 1.484854754716595
226 3.122519686653523
227 1.2623701227172364
228 1.2623701227172364
229 1.2623701227172364
230 1.2623701227172364
231 1.956549854531703
232 1.956549854531703
233 1.956549854531703
234 1.956549854531703
235 1.043142831296678
236 1.043142831296678
237 1.043142831296678
238 1.043142831296678
239 1.289623806234363
240 0.30569707404172086
241 0.30569707404172086
242 0.30569707404172086
243 0.30569707404172086
244 2.1389559211863323
245 2.1389559211863323
246 2.1389559211863323
247 2.1389559211863323
248 2.1657706585278818
249 2.1657706585278818
250 2.1657706585278818
251 2.1657706585278818
252 1.5994891197900254
253 1.5994891197900254
254 1.5994891197900254
255 1.5994891197900254
256 3.2659991504984065
257 3.2659991504984065
258 3.2659991504984065
259 3.2659991504984065
260 2.108680473888977
261 2.108680473888977
262 2.108680473888977
263 2.108680473888977
264 2.4537570629442405
265 2.4537570629442405
266 2.4537570629442405
267 2.4537570629442405
268 1.65599224760905
269 1.65599224760905
270 1.65599224760905
271 1.65599224760905
272 1.1936587318377454
273 1.1936587318377454
274 1.1936587318377454
275 1.1936587318377454
276 0.4833864255371416
277 0.4833864255371416
278 0.4833864255371416
279 0.4833864255371416
280 0.9831800793183639
281 0.9831800793183639
282 0.9831800793183639
283 0.9831800793183639
284 0.5190807240950526
285 0.5190807240950526
286 0.5190807240950526
287 0.5190807240950526
288 0.7043057527012269
289 0.7043057527012269
290 0.7043057527012269
291 0.7043057527012269
292 2.3008978886918596
293 2.3008978886918596
294 2.3008978886918596
295 2.3008978886918596
296 2.08181569645293
297 2.08181569645293
298 2.08181569645293
299 2.08181569645293
300 2.781657736160409
301 2.781657736160409
302 2.781657736160409
303 2.781657736160409
304 1.3205832957743049
305 1.3205832957743049
306 1.3205832957743049
307 1.3205832957743049
308 1.1007382809961181
309 1.1007382809961181
310 1.1007382809961181
311 1.1007382809961181
312 0.1
313 0.1
314 0.1
315 0.1
316 0.5309180245614249
317 0.5309180245614249
318 0.5309180245614249
319 0.5309180245614249
