0 1.0643880832515096
1 0.8153406241890414
2 1.052015449967958
3 0.9728542908215978
4 0.9369937674681764
5 1.0922246433564393
6 1.0130070089684242
7 0.9509825669915454
8 0.8223223283170331
9 0.7779968921238777
10 0.9594567033746537
11 1.108283770453754
12 0.988209540338794
13 0.9957289474860364
14 0.8650974000641831
15 1.0473293072890395
16 0.9539427355018605
17 0.9613776776006226
18 1.171338057685119
19 1.1134526860757705
20 0.9761310868610446
21 1.012282306374284
22 1.0795825152435072
23 1.033368314903867
24 1.0126507503145592
25 0.7357423543541551
26 0.8832952352907776
27 1.087343161781974
28 1.1045280452865582
29 0.9972096500647598
30 1.019208582688043
31 1.0433726384552167
32 1.0210068000853543
33 1.1450262601667447
34 1.091938164835832
35 1.2382389131066085
36 1.2411849708839116
37 0.9942249337143739
38 1.0959841664412797
39 0.9556472469981058
40 1.0001538829724355
41 0.9885830032814891
42 1.0731918083739527
43 1.0607009041487514
44 1.0013380723781227
45 1.0307693392268908
46 0.9021169221396285
47 0.8413323098211481
48 0.9748117184100293
49 0.9895212807467642
50 1.1919349380406263
51 1.031869025864968
52 1.0315663852476864
53 1.0562344700528754
54 1.0298966879740665
55 0.8729638319057512
56 0.945928882913926
57 0.8582271807303862
58 1.0499068903044457
59 0.9446656421604799
60 0.9266820170136794
61 0.9853814964217761
62 0.9918039242409179
63 1.0187542061331272
64 0.9626812678341714
65 1.0155654633455218
66 0.8585404639625404
67 0.8786815348978756
68 1.17720864220517
69 1.1634293909246003
70 0.9833180030166799
71 1.0031567865825182
72 1.1472023784825662
73 0.9815613296218427
74 1.0136946040861212
75 0.8764940368484545
76 0.8539563524848002
77 0.996771402543345
78 0.9275326311464435
79 1.278176520083356
80 1.1241284564430774
81 1.0382032374012755
82 0.8711479756806804
83 0.9684797055403682
84 1.125952361225548
85 1.0167080128318082
86 1.108218290671934
87 0.9047747453053274
88 1.1088036534537202
89 1.0077360309803052
90 1.0808422508876527
91 1.1542139768883142
92 0.7664493327062156
93 1.1013996093575267
94 1.0420908745075157
95 1.2054753948791823
96 1.039661365828608
97 1.1380805676736447
98 1.034883035304799
99 1.0503824000418966
100 1.1068146502455285
101 1.0291726616245465
102 1.0718904021046736
103 1.2424551322189852
104 1.2464197506851051
105 0.9823188131077268
106 0.9642268559695416
107 1.0138434677213999
108 1.1182413719394448
109 0.8912799604225726
110 1.187666982823325
111 1.0021611730686675
112 0.88834850390273
113 1.0495226180203492
114 1.0868769328777448
115 1.0134074912923619
116 1.1748436993473954
117 1.1514128558056336
118 0.9434566717052476
119 1.0494541882669595
120 1.0444117486548097
121 1.1395878233312582
122 0.968676924457666
123 0.9943819012983596
124 0.9140033134829417
125 1.0238706533102557
126 1.077783905703134
127 0.841671937655472
128 0.9048516726557249
129 1.0242526188646763
130 1.0287343109552596
131 0.9808063893376165
132 0.9781253649769164
133 0.9098847033584108
134 1.0299576831352288
135 1.1121910922080058
136 0.9635938427173545
137 1.0486371151751748
138 0.7855693946743769
139 0.9559146839410504
140 0.8576723282087797
141 0.8720820377670949
142 0.9972750588859557
143 0.9181364609220469
144 1.0258928797334004
145 1.006147384890674
146 0.9899986575266205
147 0.9228646578724686
148 1.057558595412414
149 1.0367147861397155
150 0.9472150303491326
151 1.003104546049301
152 1.0567192446864038
153 0.8961947468692373
154 1.0730007630596354
155 0.9483741880323925
156 1.1744806626468733
157 1.0442698451241523
158 1.1891156713806281
159 1.1485118003251658
160 1.0537423464865656
161 1.0374756012668787
162 1.0421927635008188
163 0.9751239926740534
164 1.1246331634284736
165 1.0742505099779802
166 1.069039901178623
167 1.1667231605182948
168 0.9926621413264557
169 1.2166920370319287
170 0.9389880517685378
171 1.0777283861085494
172 0.8662019992690421
173 1.0379301751070442
174 0.846224116252145
175 0.8075149878163967
176 1.0907226951542575
177 1.0772771825605945
178 0.8767985495984856
179 1.013178182005383
180 1.0630035368900899
181 1.1833402842005412
182 0.6995858740657583
183 0.983361861214351
184 0.8841846337167294
185 1.0425826228807415
186 1.021369455130144
187 0.8675317011111265
188 1.051577493109597
189 1.0536742498726246
190 0.8196978703407616
191 0.9746201422502112
192 1.0877104201674377
193 0.905500957628395
194 1.1569297376171779
195 1.0864914940345545
196 0.9508852453884972
197 0.9806650053870447
198 1.1138598582068975
199 0.8709157703519624
200 0.9497486844114584
201 1.0986170857166468
202 0.9345579540571612
203 1.0489354873458479
204 1.0984591902268985
205 1.0790868978039507
206 0.9914067813879424
207 0.8967483421354245
208 1.0812652329365398
209 1.2619179539928287
210 1.0486727497551451
211 1.202667487845695
212 1.012763174088447
213 0.8165647845729502
214 1.0009751590929028
215 1.138604643862818
216 0.8853296999328015
217 1.121125844229595
218 0.9628795491915083
219 0.9209873395868626
220 1.0073525440970141
221 1.071325469044447
222 1.0089045487315584
223 1.0210579990747075
224 0.971088253861167
225 1.0959490688142142
226 1.1546182736373498
227 1.1094027086091787
228 1.155887182628507
229 0.8484683493678772
230 0.8559553572678735
231 1.142518985733809
232 1.0348879724335531
233 0.9884249579750546
234 0.9892133173442653
235 0.8487086345928356
236 0.87159072940317
237 1.087149990428817
238 0.9861534050406556
239 0.8241711372181479
240 1.0343953424030075
241 1.140365859155659
242 0.992709267302766
243 0.9238403888512436
244 0.9916131152300082
245 1.1662856839364297
246 1.0333042468941895
247 1.0293449575978637
248 1.0950338220965241
249 0.883608365419085
250 0.9376797236208607
251 0.8317839758127352
252 0.9291288832624605
253 1.0297237130898023
254 0.8982664316031501
255 0.9713311776168727
256 0.9441779988469666
257 0.9450629407282269
258 0.9979083071032349
259 0.8831890480385598
260 0.8638347670431932
261 0.8343442055987073
262 1.0591777830619322
263 1.0131547568400778
264 0.9818939944340102
265 1.0014795221291803
266 1.2124668173785376
267 1.0056765603132456
268 0.9460735821430296
269 0.8571994546946801
270 1.0248066094645039
271 1.0712546469630928
272 0.967592056069368
273 0.9441353097368281
274 1.0952757970123423
275 1.00382737286581
276 0.9375695392941757
277 1.0609475010932357
278 0.8949331896190963
279 0.9025104292121214
280 0.9538799216337424
281 1.0736860396772105
282 1.1432869237682233
283 1.174081775458505
284 0.9724363113936034
285 0.9408298177076101
286 0.9328698718154915
287 1.1163236070221831
288 1.0978780526352978
289 0.9686249743519204
290 0.9745217958386848
291 0.9976954614052526
292 0.9154386470237639
293 1.017964484194098
294 1.05048188133499
295 1.0539428639980646
296 1.0586405782902977
297 1.0660821069994066
298 0.9998686170075854
299 1.0263807943710537
300 1.063992980665634
301 0.9249031316679681
302 0.978833235292015
303 1.1409742024112892
304 0.8351946283152525
305 0.8647636359812922
306 1.1039436811344607
307 1.0000795832573528
308 1.060706770889553
309 0.87313599225995
310 0.9995238139706392
311 1.1452238107871264
312 1.0041441163670062
313 0.8927915653071754
314 1.011387584030873
315 0.9401431179918179
316 0.8067958991807499
317 1.0304956179401348
318 0.9455111593405304
319 0.9396004829680509
