0 0.23987583236438192
1 0.880162250730076
2 0.880162250730076
3 0.9304287847178181
4 0.8592046605692669
5 0.5694726112314845
6 0.5694726112314845
7 0.5694726112314845
8 0.4264237787215166
9 0.4116046072440517
10 1.0091588268232399
11 0.1
12 0.1
13 0.35640184770870514
14 0.35640184770870514
15 1.0581928080232101
16 0.6793738530633954
17 0.6329451064818842
18 0.5155769540570561
19 0.29951331068447895
20 0.48826878025994125
21 0.48826878025994125
22 0.48826878025994125
23 0.7783429489401478
24 0.4201499009708052
25 0.21976939705342458
26 0.27998570076935664
27 0.649647001526261
28 0.649647001526261
29 0.6379422864657143
30 0.3724494387567372
31 0.6807312411408335
32 0.1
33 0.4500306733429542
34 0.8607660998322091
35 0.5647630554185115
36 1.93118501181961
37 1.274231160218713
38 0.6721192115226488
39 0.1373824671813243
40 0.1373824671813243
41 0.1373824671813243
42 1.0541569417869656
43 0.15572597363325236
44 1.0903928479006824
45 1.3261696870368453
46 0.4945425959483617
47 0.4945425959483617
48 0.12563258538670358
49 0.16971105138886444
50 1.2385517688474361
51 0.4162603498621438
52 0.4208211298390442
53 1.2344378702724925
54 0.5287233972049238
55 0.4528361819705298
56 1.0146728203138695
57 1.0146728203138695
58 0.882064806979652
59 0.882064806979652
60 1.298332782232041
61 0.6024084762190511
62 0.8756524761346619
63 0.6498233369081485
64 0.33912166048730463
65 0.5412025354789416
66 0.678645011732148
67 0.8321006782245591
68 1.3582747422481167
69 0.8716795824797952
70 0.8716795824797952
71 0.8716795824797952
72 0.8716795824797952
73 0.7998768209130305
74 0.36696426254950176
75 0.6718157767873102
76 0.7614112418940678
77 0.7614112418940678
78 0.7614112418940678
79 0.8892876068300511
80 0.6796551270829085
81 0.7444265223107387
82 0.7444265223107387
83 0.1
84 0.2856588621453379
85 1.0838166002189227
86 1.3157119040042584
87 0.1
88 1.6353295150660219
89 1.6353295150660219
90 0.8211731204083965
91 1.2435782851238075
92 1.2435782851238075
93 0.3457114592959918
94 0.6498615777331213
95 0.44684902793425774
96 0.5486467446810714
97 0.5018330260294577
98 0.7531701157297667
99 1.94734184604852
100 1.1078925618091313
101 0.9113910205018202
102 0.9750031288691569
103 0.44439994477253664
104 1.186167449923513
105 0.5918689269397639
106 0.3125808620968712
107 0.9041338296805959
108 0.6229766707534252
109 0.6229766707534252
110 0.7669471568192273
111 1.5135218728759443
112 0.308277739677411
113 0.3489626310341379
114 1.7420745719138209
115 1.4990080483094672
116 0.9911059946097804
117 0.5051784979544713
118 0.7657324430981234
119 0.1
120 0.42831255207936514
121 0.9452205446951718
122 1.1983889258875435
123 0.8699021241758741
124 0.8699021241758741
125 0.8699021241758741
126 0.5992096561765744
127 0.7727529585851827
128 1.5582377288251512
129 0.593767488941844
130 0.593767488941844
131 0.4908127825413166
132 0.4908127825413166
133 0.46274357864017035
134 0.46274357864017035
135 0.11089717514983616
136 0.9542550656281321
137 0.3423725744695208
138 1.1635813434902822
139 0.8944930597086833
140 1.2457210964084504
141 0.309541273492584
142 1.0065203935372555
143 0.6235486380962947
144 1.2631625434706133
145 0.607529969285517
146 1.2934100361284946
147 0.5368543061153132
148 1.2983608062078056
149 0.5952199864400431
150 0.3458393947511387
151 0.23144993063700603
152 0.26387208977813886
153 0.6250300013014991
154 0.7797984136787819
155 0.7797984136787819
156 0.14871196323876124
157 0.4074646160231294
158 0.1
159 0.7385968525123325
160 0.5638681198674491
161 0.5708761268084973
162 0.6029726249357915
163 0.1531867290077954
164 0.60894942430363
165 0.41533480674851697
166 0.4147217796792024
167 0.5889746619980537
168 1.2008908098550521
169 0.595777497873995
170 0.6363600983118226
171 0.4451105561662895
172 0.1
173 0.1
174 0.6943685261439903
175 0.5235437024508673
176 0.8190932049066117
177 0.3943530513369883
178 1.2256143491244753
179 1.2256143491244753
180 1.2442245448624143
181 0.48483013084706217
182 0.8527731042534793
183 0.26606966399551285
184 0.7934068416934679
185 0.5670802464002325
186 0.5670802464002325
187 0.1
188 0.14938758370056937
189 0.4475301127899729
190 0.2913270157817825
191 0.7814379878945107
192 0.5402187338577502
193 0.4049275484188363
194 0.1
195 0.1
196 0.3758332198982537
197 0.3758332198982537
198 0.3758332198982537
199 0.9297430085549665
200 0.9297430085549665
201 1.041959954417604
202 0.7955967895202842
203 0.505096705187006
204 0.712962190723242
205 0.576561326421551
206 0.4085153402224298
207 0.8679410394978345
208 0.8679410394978345
209 1.2907017367141944
210 0.5222785619888671
211 1.6833674395784122
212 0.49111189216688256
213 0.8707222729748084
214 0.48419311994297864
215 0.769891187190612
216 0.32514419061680344
217 0.2573503112491269
218 1.414528970638927
219 1.1574073248689891
220 0.5857071328915925
221 1.0691763340628015
222 1.2589394425317657
223 0.5283626263085786
224 0.5283626263085786
225 0.5302308406274632
226 0.666698462363798
227 0.7151750145717333
228 0.4575871365648885
229 1.5938450942217819
230 0.6510848617200696
231 0.547948037202491
232 0.9563236831255444
233 1.3295407531565573
234 1.3295407531565573
235 0.6438628213749437
236 0.7618965004906044
237 0.7618965004906044
238 0.5899627433342274
239 0.5899627433342274
240 0.6592364268796624
241 0.5940082053031238
242 0.8952717457102889
243 0.1863316926732359
244 1.061027105852056
245 0.46464958419497154
246 0.8501425410357737
247 1.2790710390564801
248 0.7896256611391059
249 0.7896256611391059
250 0.5427728941273823
251 0.5427728941273823
252 0.5427728941273823
253 1.2352284153400503
254 0.11341110530695087
255 0.11341110530695087
256 1.1679667355296055
257 0.8312027401654649
258 0.868795357791638
259 0.34549636954627205
260 0.8385972591694364
261 0.5477019894475291
262 0.5477019894475291
263 0.9588205939798865
264 0.5644902028705157
265 1.3420262485148242
266 0.6711945919285378
267 0.6711945919285378
268 0.62113756369228
269 0.7934355784017246
270 0.35007537686212525
271 0.7795755858830887
272 1.6300510647091293
273 0.1
274 0.1
275 0.1
276 0.9466717680563838
277 1.5271794857764345
278 1.2050790651690715
279 1.2050790651690715
280 0.1
281 0.6694192871323714
282 1.4465140183179037
283 1.4465140183179037
284 0.7919592209305145
285 0.9063231639032651
286 0.9062320540718726
287 0.2552384718161505
288 0.35512553381865486
289 0.35512553381865486
290 0.16956309803765252
291 0.5976031244951048
292 0.4530805455838911
293 0.5175817414644595
294 0.8969397193103376
295 0.9142070416312611
296 1.2023854130041796
297 0.9746618578999174
298 0.7456119221907462
299 0.6596300519098491
300 1.1305056771678226
301 0.4462951684450457
302 0.4481904758485398
303 1.0300147560138262
304 0.8176062306726438
305 1.2742806747200124
306 0.2778703758499405
307 0.9611974198438924
308 0.5468700216097613
309 0.4388013642542793
310 0.4388013642542793
311 0.4970013223154138
312 0.16279627119315365
313 1.1169706782323057
314 1.07994042815596
315 0.38820342856419954
316 0.38820342856419954
317 0.39378016957779477
318 0.39378016957779477
319 0.39378016957779477
