0 1.408862179356316
1 1.001280246291377
2 1.1544133661622584
3 0.7752137466837696
4 0.9212283595175007
5 0.527854274833538
6 0.6467049822993324
7 0.8184459721103272
8 0.6993891366811505
9 1.176929442874536
10 1.0358986664344327
11 0.6389730329606765
12 1.1475964129794338
13 0.8992389379216584
14 0.6754590418401325
15 0.9637798073576408
16 1.0267200718655056
17 0.6495128280471341
18 0.7146890314322547
19 1.1942827539387946
20 1.0822873829740332
21 1.1639859623203672
22 0.93216664860151
23 0.7265800751294909
24 0.43376399563689927
25 0.5831404042634429
26 0.9675985559493868
27 0.6699440488565087
28 1.1222365549189026
29 0.7467408433792908
30 0.4599989748225197
31 0.7876916365711027
32 0.36858212053958295
33 1.0330568482741258
34 0.8494821021253017
35 0.43722566589460754
36 0.7054108181084683
37 1.2260109058465747
38 0.6987679222466512
39 0.4538214033741645
40 0.4597484640235457
41 0.6960094230897099
42 1.0909338829549469
43 1.1231722493519585
44 1.082107874829839
45 0.5560428992532468
46 1.2981165560748904
47 0.7928780738242354
48 0.8686371775480932
49 1.2829317978451513
50 1.4286804109570665
51 0.6011183494244846
52 0.6441465749077352
53 0.6261145064846793
54 0.999836683438624
55 0.92805989602074
56 1.0645165531173066
57 1.1542565460386498
58 1.1205191643831909
59 0.9507017996501582
60 0.6018098565899113
61 1.194771695505962
62 0.7940859804147355
63 0.5649098158335794
64 1.0194153421188208
65 0.5621538134484871
66 0.6107765384157857
67 0.5142819142497792
68 0.8653847399263508
69 0.5762663900477935
70 0.5996701517773365
71 0.9751499681334733
72 0.725279365470779
73 0.5315165979905425
74 0.7255559652691395
75 0.6364727244783125
76 0.4577195249532968
77 0.7243856362404906
78 0.442102897107134
79 0.4652228177233206
80 0.7016019356927804
81 0.6879194975469839
82 0.6091346843929782
83 1.2550901778116401
84 0.8416620277223089
85 0.7951016347482758
86 0.6830064272628286
87 0.7559939019580114
88 1.1711582189557412
89 0.7891100528480671
90 0.674086956259476
91 1.2299825888304527
92 0.5190168934562737
93 1.1131999482572783
94 1.2668455919154487
95 0.8078536166313998
96 0.7291667182470141
97 0.9925053459081244
98 1.326192300644263
99 0.7162301817425835
100 0.5128244539903801
101 0.7299473044205641
102 1.116941917924707
103 1.0618103099335177
104 1.2185792065652243
105 1.0033299661333321
106 1.1876435968112486
107 0.9698791166101882
108 1.0752814304887426
109 1.1152547999514901
110 0.5264737343161353
111 1.210676825202165
112 0.6079040554824463
113 0.5185861431554
114 0.5627210283613242
115 0.9042664238040665
116 0.9821137574916208
117 1.0501948743974305
118 0.7037098145292984
119 0.6139764334224178
120 0.4508247264972353
121 0.4259830386683939
122 0.6794584876706655
123 1.1134869611449167
124 0.5677112965115062
125 1.055148967937347
126 0.9152241262461417
127 0.6447746295632087
128 0.44633050754180603
129 0.7831048946075617
130 0.9061691188864819
131 1.2207388168933335
132 0.7317080456059178
133 0.8693692769562194
134 0.5668494524474825
135 0.5839349606896802
136 1.1926453830210357
137 0.8379839841980435
138 0.4505471093446152
139 0.5541535788508108
140 0.6702022783651224
141 1.1056522452390063
142 0.6312508410073225
143 0.8110300304103203
144 1.0533645204508435
145 0.7620275752923926
146 1.2127809828302016
147 0.510027051880012
148 0.6945699577230198
149 0.9245495315051994
150 0.8290551227010211
151 1.162786606205918
152 0.664673512151695
153 0.9113333178796145
154 1.1774734921236623
155 1.0467489033435426
156 0.6381082087104148
157 0.7743897956535913
158 1.1310586506982225
159 1.1101884037485392
160 0.7386295471877433
161 1.0513267542158984
162 0.6199571295610425
163 0.8677217974423836
164 1.1052656719062015
165 0.8623985014615134
166 0.6977408078957031
167 1.0612714894020767
168 0.6564445743480511
169 0.6373806539872169
170 0.8682317085476302
171 1.1827944555917638
172 0.6397201902935638
173 0.6298617370408388
174 1.1102606040682126
175 0.8729857120335413
176 0.7572569746145899
177 0.7685822361246499
178 1.1302132504778568
179 0.6837084640071324
180 0.5994865668821526
181 0.6270082670639132
182 1.0224596525562877
183 0.8580926796261309
184 1.1331144772054056
185 0.4887121646349071
186 0.9618449444544142
187 1.095122992327856
188 0.7424880068782963
189 0.6162686134273321
190 0.5156005181520749
191 1.0772039605870325
192 0.7744369778327973
193 1.0246407541614964
194 0.42830640970879025
195 0.8426609387029617
196 1.3933252638784979
197 1.0272027693596162
198 0.82964237311527
199 0.8367896074109219
200 0.69574577540917
201 0.7035615141337515
202 0.986507074669272
203 1.29511929341681
204 1.1883489692689924
205 0.6537209530124859
206 0.668617801743709
207 1.0183446947157373
208 0.5531654121075413
209 0.7358848149549767
210 0.9331529009784681
211 1.0819402202283281
212 0.7726851539674096
213 0.8316195113110197
214 0.5783532569696981
215 1.1114616604307077
216 0.5965446073502155
217 0.6529078611956448
218 0.7649441883699394
219 1.0011500732019118
220 0.8981039233151576
221 1.032504326439863
222 0.8037838004031657
223 1.0469080127363
224 0.6632671574616025
225 1.0291692343897323
226 1.0600151013542924
227 0.8181807942096755
228 0.821651278165091
229 0.5844393439189999
230 0.689407868504552
231 1.01546086581677
232 0.5224804777919305
233 1.1492176590676977
234 1.1317266544649764
235 0.5571869691099316
236 0.5386118911757897
237 0.7837796178661545
238 1.0328661653232771
239 0.5320962539842411
240 0.7968269103331498
241 0.904229441816133
242 0.6042468721717374
243 0.5954838843950344
244 1.226442252726049
245 0.6632688045738342
246 1.3688577121230487
247 1.0610159242712927
248 0.46109272307362775
249 0.594767600650338
250 0.6666837660197069
251 1.0493142461844402
252 0.5838819614411748
253 0.7052451071576104
254 0.3776899375161834
255 0.7816567855996392
256 1.1502781810008866
257 0.8663797302895012
258 1.407903707673714
259 0.8723823549043704
260 0.7095938990948721
261 1.0862331814089043
262 0.9083481660384123
263 0.6076939459531052
264 1.427061367451631
265 0.5306495740911326
266 1.324187866125033
267 0.8420624752166816
268 0.7429847801575062
269 1.078727684902836
270 1.1886323835741561
271 0.9977188574488802
272 0.8120768231394078
273 0.6964757092578456
274 0.9459069782049145
275 0.9642111680425798
276 1.015856641578406
277 0.5766403006129059
278 1.0565303237313892
279 0.8825080200287335
280 0.795341322650279
281 0.40757542770212885
282 1.2488426701105682
283 0.7724284835824073
284 0.45286647386524276
285 0.5120936821130727
286 0.5248953421469499
287 0.4209811880865861
288 1.1339784759911546
289 0.8178970775045933
290 0.4778719049684931
291 1.044303845209219
292 0.6980769250004218
293 1.205096413211705
294 0.9050035865080062
295 0.9928577517095019
296 0.9221604079694775
297 0.5529271251225684
298 0.8187602051522533
299 1.120310435622341
300 0.6643660427709169
301 0.655546325363554
302 1.3222415967306274
303 1.043907993178571
304 1.0059663396496559
305 1.1619454161874772
306 1.0295050981210387
307 1.1106260030966506
308 0.5296176878804382
309 0.650436349729355
310 0.4531615832526143
311 0.6499054151452277
312 0.8408276776093441
313 0.9187633120781313
314 1.036441930069539
315 1.2649991966023846
316 0.6711878766637944
317 0.7649037774503834
318 0.5936976589784039
319 1.2383831952932554
