0 0.787253124977793
1 0.787253124977793
2 0.7026208039637403
3 0.7026208039637403
4 0.7367676573694744
5 0.7367676573694744
6 0.9509084942958881
7 0.9509084942958881
8 0.8058128228710658
9 0.8058128228710658
10 0.8813081969984542
11 0.8813081969984542
12 0.9183903164274421
13 0.9183903164274421
14 0.9653310581570298
15 0.9653310581570298
16 0.7666220390774289
17 0.7666220390774289
18 0.6904188769476146
19 0.6904188769476146
20 0.6260103087601959
21 0.6260103087601959
22 0.6611834786733681
23 0.6611834786733681
24 0.850219145655904
25 0.850219145655904
26 0.850937383592137
27 0.850937383592137
28 0.7167176404863994
29 0.7167176404863994
30 0.7540036298900934
31 0.7540036298900934
32 1.240778484938591
33 1.240778484938591
34 1.066926349832088
35 0.9180487674846073
36 0.9180487674846073
37 0.7123295440406002
38 0.9316413889427446
39 1.1039008682128106
40 1.1039008682128106
41 1.0923725606482564
42 1.0923725606482564
43 0.9655894667841686
44 1.0955568562175197
45 1.0955568562175197
46 0.97337794630142
47 0.97337794630142
48 0.8208187947042419
49 0.8208187947042419
50 0.850166461404133
51 0.850166461404133
52 0.8255154587243415
53 0.8255154587243415
54 0.9929733868532354
55 0.9929733868532354
56 0.9755604982732563
57 0.9755604982732563
58 0.745085317284743
59 0.6610261133686329
60 0.6610261133686329
61 0.7431573762400216
62 0.7431573762400216
63 0.8358012523472248
64 0.8358012523472248
65 0.8127821926085986
66 0.8127821926085986
67 0.8958701232423316
68 0.8958701232423316
69 0.688901105710517
70 0.688901105710517
71 0.6923503860526308
72 0.6923503860526308
73 0.8458896118684294
74 0.8458896118684294
75 0.8775427831754478
76 0.8775427831754478
77 0.8635200936572972
78 0.8635200936572972
79 0.7997455888531122
80 0.7997455888531122
81 0.751990109677201
82 0.751990109677201
83 0.8187939735823313
84 0.8187939735823313
85 0.7446796274677594
86 0.7446796274677594
87 0.8121255120966239
88 0.8121255120966239
89 0.8528184221508787
90 0.8528184221508787
91 0.7963808307582606
92 0.7963808307582606
93 0.8173775066509399
94 0.8173775066509399
95 0.705426432636559
96 0.705426432636559
97 0.8941682730538365
98 0.8941682730538365
99 0.8714263991178428
100 0.8714263991178428
101 0.7428879560075082
102 0.7428879560075082
103 0.7214826263468526
104 0.7214826263468526
105 0.6963510533486805
106 0.9322908260513536
107 0.9322908260513536
108 0.9756781536336642
109 0.9756781536336642
110 0.9440703497035751
111 0.772155471541723
112 0.772155471541723
113 0.949869661407758
114 0.949869661407758
115 0.8012782464912763
116 0.8123098719665446
117 0.8123098719665446
118 0.7934500146517408
119 0.7934500146517408
120 0.8579285529784533
121 0.8274060746574141
122 0.8274060746574141
123 0.9287780831733234
124 0.9287780831733234
125 0.8039476152471574
126 0.8039476152471574
127 0.7677732284550853
128 0.7313935282438372
129 0.7313935282438372
130 0.8592730081765875
131 0.8592730081765875
132 0.8180320238173833
133 0.8085620266660387
134 0.8085620266660387
135 0.9479520851381923
136 0.9479520851381923
137 1.1469812955261265
138 1.1469812955261265
139 0.9463245015145997
140 0.9463245015145997
141 0.9465335252157618
142 0.9465335252157618
143 0.9450283962404977
144 0.9450283962404977
145 0.9432941914481313
146 0.9432941914481313
147 1.1149975479764094
148 1.1149975479764094
149 1.0462153108104608
150 1.0462153108104608
151 0.9792979383585445
152 0.9792979383585445
153 1.079630115864844
154 1.079630115864844
155 0.7877889686864193
156 0.7877889686864193
157 0.790547364976766
158 0.6113790541716543
159 0.6113790541716543
160 0.5370677621531568
161 0.5370677621531568
162 0.6648890876665079
163 1.067316784053431
164 1.174560645762887
165 1.174560645762887
166 0.895694262396741
167 0.895694262396741
168 0.658749351810812
169 0.658749351810812
170 0.7356907397980073
171 1.0506596703344488
172 1.25981600708605
173 1.25981600708605
174 1.1609130699109926
175 1.122048590504081
176 1.122048590504081
177 0.928985457102188
178 0.928985457102188
179 0.9454739643763151
180 0.9393440708331018
181 0.9393440708331018
182 0.7626291391831839
183 0.7626291391831839
184 1.2962209371082363
185 1.2962209371082363
186 1.1008907972172637
187 1.1008907972172637
188 1.175383300870389
189 0.9655911871377656
190 0.9655911871377656
191 0.9277487118431006
192 0.9277487118431006
193 0.9161337309259079
194 0.6909236764689025
195 0.6909236764689025
196 0.7076017335213575
197 0.7429356451222369
198 0.7429356451222369
199 0.9008055084997244
200 1.124429990230049
201 1.124429990230049
202 1.0856218730537146
203 1.0856218730537146
204 1.1390588412138376
205 1.1390588412138376
206 0.8701770158775981
207 0.8701770158775981
208 0.8608368690912086
209 0.5989604924490993
210 0.5989604924490993
211 0.753769091264152
212 0.753769091264152
213 0.7195800594880638
214 0.7195800594880638
215 0.7318044178564788
216 0.907120187502253
217 0.907120187502253
218 1.180959930883899
219 1.180959930883899
220 0.9143928375640978
221 0.9143928375640978
222 1.087987027227745
223 1.087987027227745
224 1.0965008708463386
225 1.0965008708463386
226 1.1346848485764522
227 1.3657337902525502
228 1.0081227915215232
229 0.626961471045602
230 0.9864308748250383
231 0.9864308748250383
232 0.9773489704703084
233 1.1441763796295437
234 1.1441763796295437
235 0.9914913189343219
236 0.8560512157226821
237 0.6467642264030329
238 0.6467642264030329
239 0.7044340308703394
240 1.00548422887558
241 1.00548422887558
242 0.930587650415638
243 0.930587650415638
244 1.0022901802587472
245 1.0022901802587472
246 1.1816996560960467
247 1.1816996560960467
248 1.1187252138321895
249 1.1187252138321895
250 1.0244028534392111
251 1.0244028534392111
252 1.1098910166452378
253 1.1098910166452378
254 0.6860893397958647
255 0.6860893397958647
256 0.8625129817039743
257 0.8625129817039743
258 0.7474627870843589
259 0.7474627870843589
260 0.670440281543017
261 0.670440281543017
262 0.6859352412743992
263 0.6859352412743992
264 0.6095018732415703
265 1.2249560542051856
266 1.2249560542051856
267 0.9591114688425764
268 0.9591114688425764
269 0.809493204949408
270 0.809493204949408
271 0.8090036222740266
272 0.8807152166552045
273 0.8807152166552045
274 0.8312261904427058
275 0.8312261904427058
276 0.8903634203295866
277 0.8918390782906078
278 0.8918390782906078
279 0.8467018811323145
280 0.8297149556739878
281 1.2399116184200567
282 0.7616356495087037
283 0.7616356495087037
284 1.2680982130005343
285 1.2680982130005343
286 0.9572046459556637
287 0.9572046459556637
288 0.9741385965771497
289 0.9741385965771497
290 0.7434189509972549
291 0.7434189509972549
292 0.49927416648669026
293 0.49927416648669026
294 0.5921919349122386
295 0.5921919349122386
296 0.7626030418069375
297 0.7626030418069375
298 0.7220628604513738
299 0.7220628604513738
300 0.7240548116283694
301 0.7240548116283694
302 0.8361407301431646
303 0.8361407301431646
304 0.748561445351355
305 0.748561445351355
306 0.6768304549865083
307 1.1104229182370118
308 1.1104229182370118
309 0.9946503774730185
310 0.9946503774730185
311 0.942331059253013
312 0.942331059253013
313 0.9767520042103398
314 0.9767520042103398
315 0.9466941978260657
316 1.0069479319369699
317 1.0069479319369699
318 1.0645792348702803
319 1.0645792348702803
