0 0.1
1 0.1
2 0.1
3 0.1
4 1.0927839077067742
5 1.0927839077067742
6 1.0927839077067742
7 1.0927839077067742
8 2.161087651586139
9 2.161087651586139
10 2.161087651586139
11 2.161087651586139
12 1.354601504854732
13 1.354601504854732
14 1.354601504854732
15 1.354601504854732
16 0.5015021286846176
17 0.5015021286846176
18 0.5015021286846176
19 0.5015021286846176
20 1.1332228815974563
21 1.3113520888927623
22 1.3113520888927623
23 1.3113520888927623
24 1.3113520888927623
25 3.1501338098707725
26 3.1501338098707725
27 3.1501338098707725
28 3.1501338098707725
29 1.245084647255572
30 1.245084647255572
31 1.245084647255572
32 1.245084647255572
33 1.810052763322573
34 1.810052763322573
35 1.810052763322573
36 1.810052763322573
37 1.557514119348152
38 1.557514119348152
39 1.557514119348152
40 1.610655745739346
41 1.610655745739346
42 1.610655745739346
43 1.610655745739346
44 3.4261134144306746
45 3.4261134144306746
46 3.4261134144306746
47 3.4261134144306746
48 1.0588807241210665
49 1.0588807241210665
50 1.0588807241210665
51 1.0588807241210665
52 1.8241799551898474
53 0.1
54 0.1
55 0.1
56 0.1
57 3.1369256119151463
58 3.1369256119151463
59 3.1369256119151463
60 3.1369256119151463
61 2.3542458020832213
62 2.3542458020832213
63 2.3542458020832213
64 2.3542458020832213
65 2.6052056890782964
66 2.6052056890782964
67 2.6052056890782964
68 2.6052056890782964
69 2.8644920073752926
70 2.8644920073752926
71 2.8644920073752926
72 2.8644920073752926
73 0.1
74 0.1
75 0.1
76 0.1
77 0.1
78 0.1
79 0.1
80 0.1
81 1.7359394654519942
82 0.3175493939112315
83 0.3175493939112315
84 0.3175493939112315
85 0.3175493939112315
86 3.1119158573130035
87 1.148198115629122
88 1.148198115629122
89 1.148198115629122
90 1.148198115629122
91 1.21692972311229
92 1.21692972311229
93 1.21692972311229
94 1.21692972311229
95 1.9601905048835486
96 1.6640325948930736
97 1.6640325948930736
98 1.6640325948930736
99 2.998762350613692
100 2.998762350613692
101 1.6348998765361549
102 1.6348998765361549
103 1.6348998765361549
104 1.6348998765361549
105 1.5389575610997128
106 1.5389575610997128
107 1.5389575610997128
108 1.5389575610997128
109 0.967816769314118
110 0.967816769314118
111 0.967816769314118
112 2.6320502657207125
113 2.6320502657207125
114 2.6320502657207125
115 2.6320502657207125
116 0.1
117 0.1
118 0.1
119 0.1
120 0.1
121 0.1
122 0.1
123 0.1
124 0.4788867256550464
125 0.4788867256550464
126 0.1
127 0.1
128 0.1
129 0.1
130 0.8679630738275568
131 0.8679630738275568
132 2.5249175442900453
133 2.5286056375282326
134 2.5286056375282326
135 2.5286056375282326
136 2.5286056375282326
137 1.0176400047300107
138 1.0176400047300107
139 1.0176400047300107
140 1.0176400047300107
141 1.5424927107149038
142 1.5424927107149038
143 1.5424927107149038
144 2.234611226766087
145 2.234611226766087
146 2.234611226766087
147 2.234611226766087
148 2.582266319526352
149 2.582266319526352
150 2.582266319526352
151 2.582266319526352
152 0.5560081575770974
153 0.5560081575770974
154 0.5560081575770974
155 0.5560081575770974
156 0.25322637951533156
157 0.25322637951533156
158 0.25322637951533156
159 0.25322637951533156
160 0.1
161 0.1
162 0.7647571084128034
163 0.7647571084128034
164 0.7647571084128034
165 0.7647571084128034
166 0.6125706341213574
167 0.6125706341213574
168 0.6125706341213574
169 0.6125706341213574
170 1.7985930196574789
171 1.7985930196574789
172 0.9897093617350838
173 0.9897093617350838
174 0.9897093617350838
175 0.9897093617350838
176 0.1
177 0.1
178 0.6863055989023711
179 0.6863055989023711
180 2.3428052392654637
181 2.3428052392654637
182 2.3428052392654637
183 2.3428052392654637
184 1.9878651973568084
185 4.017999901459472
186 4.017999901459472
187 2.291569568841524
188 2.8700366444192698
189 2.8700366444192698
190 2.8700366444192698
191 2.8700366444192698
192 2.4066804560781683
193 2.4066804560781683
194 2.4066804560781683
195 2.4066804560781683
196 2.147470621297259
197 2.147470621297259
198 2.147470621297259
199 2.147470621297259
200 1.4138122626406413
201 1.4138122626406413
202 1.4138122626406413
203 1.4138122626406413
204 2.8240773596742086
205 2.8240773596742086
206 2.8240773596742086
207 2.8240773596742086
208 1.8954296450495514
209 1.8954296450495514
210 1.8954296450495514
211 1.8954296450495514
212 0.4388116000724389
213 0.8858684953063747
214 0.8858684953063747
215 2.6981006391268743
216 2.6981006391268743
217 2.6981006391268743
218 2.6981006391268743
219 1.9595522336573072
220 1.9595522336573072
221 1.9595522336573072
222 1.9595522336573072
223 1.7515255437542163
224 1.7515255437542163
225 1.7515255437542163
226 1.7515255437542163
227 1.6769041710228996
228 1.6769041710228996
229 1.3103401877850138
230 1.3103401877850138
231 1.3103401877850138
232 1.3103401877850138
233 0.6941693664618911
234 0.6941693664618911
235 0.6941693664618911
236 0.6941693664618911
237 2.383748015994099
238 2.383748015994099
239 2.383748015994099
240 2.383748015994099
241 3.252126665372778
242 3.252126665372778
243 3.252126665372778
244 3.252126665372778
245 1.3425279700832629
246 1.3425279700832629
247 1.3425279700832629
248 1.3425279700832629
249 2.4469481993102127
250 2.4469481993102127
251 2.4469481993102127
252 2.4469481993102127
253 1.5245306912537322
254 2.0340187555682667
255 2.0340187555682667
256 2.0340187555682667
257 2.0340187555682667
258 1.1448478126139867
259 1.1448478126139867
260 1.1448478126139867
261 1.1448478126139867
262 1.5905078858272756
263 1.5905078858272756
264 1.5905078858272756
265 1.5905078858272756
266 1.3852822950202
267 1.3852822950202
268 1.3852822950202
269 1.3852822950202
270 4.006270779775427
271 4.006270779775427
272 4.006270779775427
273 4.006270779775427
274 1.7063343499967087
275 1.7063343499967087
276 1.7063343499967087
277 1.7063343499967087
278 0.1287401298653521
279 0.1287401298653521
280 0.1287401298653521
281 0.1287401298653521
282 1.7202587477194022
283 1.7202587477194022
284 1.7202587477194022
285 1.7202587477194022
286 2.0093454365472985
287 4.023756640551148
288 4.023756640551148
289 4.023756640551148
290 4.023756640551148
291 0.806611900233015
292 0.806611900233015
293 0.806611900233015
294 0.806611900233015
295 1.2515615788927952
296 1.2515615788927952
297 1.2515615788927952
298 1.2515615788927952
299 0.9330497435130245
300 0.9330497435130245
301 0.9330497435130245
302 0.9330497435130245
303 0.9091516497050908
304 0.9091516497050908
305 0.9091516497050908
306 0.9091516497050908
307 1.1921997993488842
308 1.1921997993488842
309 1.1921997993488842
310 1.1921997993488842
311 1.342271130180807
312 1.342271130180807
313 1.342271130180807
314 1.342271130180807
315 1.809781911019476
316 1.809781911019476
317 1.809781911019476
318 1.809781911019476
319 1.2986185102557868
