0 1.7537568587112777
1 1.7537568587112777
2 2.203396150535016
3 2.203396150535016
4 0.1
5 0.1
6 1.030395174482543
7 1.030395174482543
8 1.177540424147395
9 1.177540424147395
10 1.7501581252524592
11 1.7501581252524592
12 0.8966944184568054
13 2.046541144746372
14 2.046541144746372
15 0.5498803382099444
16 0.5498803382099444
17 0.45745999378127067
18 0.45745999378127067
19 1.6755174045936152
20 1.6755174045936152
21 0.95001198601617
22 2.3931956966863672
23 2.3931956966863672
24 1.5227340402426965
25 1.5227340402426965
26 0.9176048411834228
27 0.9176048411834228
28 2.2228858155537563
29 2.809504496790276
30 2.809504496790276
31 1.3760267836397015
32 1.3760267836397015
33 0.9405530541808541
34 0.9405530541808541
35 1.726961901267455
36 1.726961901267455
37 1.5611011699112456
38 1.5611011699112456
39 1.7458182106573807
40 1.7458182106573807
41 1.972540462179039
42 1.3660500466208831
43 1.3660500466208831
44 1.8123825582233806
45 1.8123825582233806
46 2.103891473069474
47 2.103891473069474
48 0.7756040815667382
49 0.7756040815667382
50 1.445930670469428
51 1.445930670469428
52 1.2592405148943318
53 1.2592405148943318
54 1.5681232230095548
55 1.5681232230095548
56 0.1
57 0.1
58 3.122804777560491
59 3.122804777560491
60 4.203601250183542
61 4.203601250183542
62 2.154160632421858
63 1.2881705586533194
64 1.2881705586533194
65 1.6146831976180438
66 1.6146831976180438
67 1.4796074178365068
68 1.4796074178365068
69 2.153323910507066
70 2.153323910507066
71 2.310947923861054
72 2.310947923861054
73 2.712608250262657
74 0.1
75 0.1
76 2.86154574816962
77 2.86154574816962
78 1.006824672211235
79 1.006824672211235
80 0.9644024555473959
81 0.9644024555473959
82 2.424116485077728
83 1.0609369771034767
84 1.0609369771034767
85 1.9117492357864478
86 1.9117492357864478
87 1.791640672188573
88 1.791640672188573
89 3.28569046559074
90 3.28569046559074
91 1.9293205020342268
92 1.883902104512508
93 1.883902104512508
94 3.118267122872655
95 3.118267122872655
96 0.4604683037246089
97 0.4604683037246089
98 2.6427920218647225
99 2.6427920218647225
100 0.24148592566719063
101 0.24148592566719063
102 2.1062047370591217
103 2.1062047370591217
104 2.480869520049523
105 0.1
106 0.1
107 1.4507083287456457
108 1.4507083287456457
109 3.0819625654445097
110 3.0819625654445097
111 1.2559041974496514
112 1.2559041974496514
113 0.4777583557523226
114 0.4777583557523226
115 2.007254504429104
116 0.10495232837013235
117 0.8097378750842833
118 2.295959553990902
119 2.295959553990902
120 1.5566600340746397
121 1.5566600340746397
122 1.6646658341047653
123 1.6646658341047653
124 2.5010049131328946
125 2.5010049131328946
126 2.8457313984380637
127 2.8457313984380637
128 2.045632929496068
129 2.045632929496068
130 1.783125242198372
131 1.783125242198372
132 1.1103750374178876
133 1.1103750374178876
134 2.617946956891191
135 2.617946956891191
136 1.5061516222992384
137 1.5061516222992384
138 2.096195399543304
139 0.33875284247780524
140 0.33875284247780524
141 0.14781619041020333
142 0.14781619041020333
143 1.0044974428678146
144 1.0044974428678146
145 2.644251503435264
146 2.0098142954819864
147 2.0098142954819864
148 0.7720198529102359
149 0.7720198529102359
150 2.121936636401692
151 2.121936636401692
152 0.4711906340046348
153 0.4711906340046348
154 0.9337121476657632
155 0.9337121476657632
156 1.9132907650974689
157 1.9132907650974689
158 2.1780426775580954
159 2.1780426775580954
160 0.1
161 0.1
162 0.5989739152983742
163 0.5989739152983742
164 0.7499420885960448
165 0.7499420885960448
166 1.7190723999505653
167 1.7190723999505653
168 1.8564067347973423
169 1.8564067347973423
170 0.44370855508986984
171 0.44370855508986984
172 3.3678484221395304
173 0.8715658157326172
174 0.8715658157326172
175 2.1153805639978245
176 2.1153805639978245
177 2.4207952554141796
178 2.4207952554141796
179 1.8073974384759863
180 1.8073974384759863
181 0.8781486982251643
182 0.8781486982251643
183 2.067007572337614
184 2.067007572337614
185 2.728346787016845
186 2.728346787016845
187 1.1654780483654896
188 1.1654780483654896
189 2.479698452966021
190 2.479698452966021
191 1.325642513747144
192 2.5848660579747715
193 2.5848660579747715
194 1.0722700985947988
195 1.0722700985947988
196 1.5099452973499976
197 2.1855211513347825
198 2.1855211513347825
199 1.060639234241684
200 1.060639234241684
201 1.7467509589289147
202 1.3975076488595284
203 1.3975076488595284
204 1.4632885455268467
205 1.4632885455268467
206 3.8580831807850418
207 3.8580831807850418
208 1.0971700131197755
209 2.0297485940102935
210 2.201887518151519
211 2.201887518151519
212 4.2792382500211215
213 4.2792382500211215
214 1.9028078251837932
215 1.9028078251837932
216 2.848427892236664
217 2.848427892236664
218 1.8400360226069161
219 1.8400360226069161
220 1.1804695097201474
221 1.1804695097201474
222 2.001766697419315
223 2.001766697419315
224 1.1518763049653007
225 1.1518763049653007
226 1.6007952721704555
227 1.6007952721704555
228 2.0238043867444575
229 2.0238043867444575
230 2.4666565303976626
231 3.1023725747097055
232 3.1023725747097055
233 2.309413145280272
234 2.309413145280272
235 0.5777473750796913
236 2.462188750860089
237 2.462188750860089
238 0.8938588852019561
239 1.6036077182983062
240 1.6036077182983062
241 1.3700266986329994
242 1.3700266986329994
243 2.166151076820228
244 2.166151076820228
245 0.9606901403783998
246 3.009335549734817
247 3.009335549734817
248 1.4997868087096413
249 1.2232342108291552
250 1.2232342108291552
251 1.4121152727822297
252 1.4121152727822297
253 2.5245594558572795
254 1.7402664878747287
255 1.7402664878747287
256 1.824365405214486
257 1.824365405214486
258 2.9231477319407277
259 1.8345838490189883
260 1.8345838490189883
261 0.951083375074293
262 0.951083375074293
263 0.9232189499223312
264 0.9232189499223312
265 2.3274026064490507
266 2.3274026064490507
267 1.7877675629372667
268 1.7877675629372667
269 1.4399136179291994
270 1.4399136179291994
271 1.7756971614152344
272 1.7756971614152344
273 1.15658231354906
274 1.9079359454857956
275 1.9079359454857956
276 0.5007775610074907
277 0.5007775610074907
278 1.115966436416583
279 1.115966436416583
280 1.891313804006423
281 1.891313804006423
282 2.3533648267505076
283 2.3533648267505076
284 1.8910167893361132
285 1.7902526943588306
286 1.4646187962039168
287 1.4646187962039168
288 0.8516775547743192
289 0.8516775547743192
290 1.567769997728295
291 1.567769997728295
292 1.7209537125683574
293 1.7209537125683574
294 0.22245223590498897
295 0.22245223590498897
296 1.062781003742932
297 0.653348164597129
298 0.653348164597129
299 0.5702613019435896
300 0.5702613019435896
301 3.5608244071593944
302 3.5608244071593944
303 0.29231282693572824
304 0.29231282693572824
305 1.3606609223111619
306 1.3606609223111619
307 1.1345372164842875
308 1.1345372164842875
309 2.0042217072639357
310 2.0042217072639357
311 1.17726086113694
312 1.17726086113694
313 1.1346076774867717
314 1.1346076774867717
315 0.8637488565346136
316 0.3182771008147083
317 0.3182771008147083
318 0.8851832093966971
319 0.8851832093966971
