0 0.9099781065554287
1 0.9099781065554287
2 1.1748339865177937
3 1.1748339865177937
4 1.0969260848788056
5 1.0969260848788056
6 0.56293469874318
7 0.56293469874318
8 0.5549701344067645
9 0.5549701344067645
10 0.8114178405145318
11 0.8114178405145318
12 0.1
13 0.1
14 0.8626102502278195
15 0.8626102502278195
16 0.46187348790966437
17 0.46187348790966437
18 0.8546045280366684
19 0.5440995899799533
20 0.5440995899799533
21 0.5124589176964758
22 0.5124589176964758
23 0.19786634774523576
24 0.19786634774523576
25 1.1582318143059729
26 0.327603510435543
27 0.327603510435543
28 0.5871283154728076
29 0.5871283154728076
30 1.2314660675700153
31 1.2314660675700153
32 0.8449446057877662
33 0.8449446057877662
34 1.0471941520976826
35 1.0471941520976826
36 0.4189219227459843
37 0.4189219227459843
38 0.7026626997283851
39 0.7026626997283851
40 0.23333506378660723
41 0.23333506378660723
42 0.19882834594431703
43 0.19882834594431703
44 0.7984100360853478
45 0.7984100360853478
46 1.0566543123974645
47 1.0566543123974645
48 0.4433135894170855
49 0.4433135894170855
50 0.7739924697572858
51 0.7739924697572858
52 0.6631174624170786
53 0.6631174624170786
54 0.9984940045135484
55 0.9984940045135484
56 0.9550193824431603
57 0.9550193824431603
58 0.46161190657028417
59 0.46161190657028417
60 0.8185094317235249
61 0.8185094317235249
62 0.1
63 0.1
64 0.1
65 0.1
66 0.6551110459591181
67 0.5284119659284048
68 0.5963094690627785
69 0.5963094690627785
70 0.4389746130338999
71 0.28425805796128856
72 0.28425805796128856
73 0.11256239332786522
74 0.11256239332786522
75 0.37887147239092955
76 0.37887147239092955
77 0.1526305179124146
78 0.1526305179124146
79 0.21101908145421472
80 0.21101908145421472
81 0.8741786080274967
82 0.8741786080274967
83 1.057356390704887
84 1.057356390704887
85 0.9389063536552944
86 0.9389063536552944
87 0.6891943973258292
88 0.6891943973258292
89 0.17357630280402941
90 0.17357630280402941
91 0.5642755594100964
92 0.5642755594100964
93 0.5200932450200301
94 0.5200932450200301
95 1.0491317595106806
96 0.7030709232977397
97 0.7030709232977397
98 0.7008703452693278
99 0.7008703452693278
100 1.1704089350169056
101 1.1704089350169056
102 0.21641488555074878
103 0.21641488555074878
104 1.1100906530728434
105 1.1100906530728434
106 0.552119778513313
107 0.552119778513313
108 0.7515274187280007
109 0.7515274187280007
110 0.5362541089492553
111 0.5362541089492553
112 0.7929606411634328
113 0.7929606411634328
114 0.25332517090510764
115 0.7194595295400488
116 0.7194595295400488
117 0.4889174716485589
118 0.4889174716485589
119 0.3845910882994289
120 0.3845910882994289
121 0.5595560052225557
122 0.5595560052225557
123 1.169718990697783
124 1.169718990697783
125 1.5426264632423985
126 1.5426264632423985
127 1.1506041470492705
128 1.1506041470492705
129 1.3530104872425959
130 1.3530104872425959
131 0.6562697954078388
132 0.6562697954078388
133 0.9725774264256664
134 0.9725774264256664
135 0.35279123252471056
136 0.35279123252471056
137 0.7740920872052837
138 0.7740920872052837
139 0.8640350473250046
140 0.8640350473250046
141 0.43558285378715733
142 0.43558285378715733
143 0.3231092983199039
144 0.3231092983199039
145 1.1522392302421554
146 0.7971604347299049
147 0.7971604347299049
148 0.7640092922517625
149 0.7672450996896907
150 0.4844346514044725
151 0.4844346514044725
152 0.5140833478355062
153 0.5140833478355062
154 0.8864478008430933
155 0.8864478008430933
156 0.4000582210480268
157 0.4000582210480268
158 0.6220150475303965
159 0.6220150475303965
160 0.8766842120861931
161 0.8766842120861931
162 0.5459022871930658
163 0.7651996509754357
164 0.9836984239274238
165 0.5640167037468219
166 0.5640167037468219
167 1.0276632213886792
168 1.0276632213886792
169 0.7056280585817101
170 0.7056280585817101
171 0.5277563702293304
172 0.5277563702293304
173 0.6851476714039348
174 0.6851476714039348
175 0.7927769651914188
176 0.7927769651914188
177 0.1
178 0.2837299152482711
179 0.2837299152482711
180 0.24472257517227153
181 0.339739828455818
182 0.339739828455818
183 0.4962626824397542
184 1.0923834953525011
185 1.0923834953525011
186 0.49401883909831634
187 0.49401883909831634
188 0.4089261819029502
189 0.4089261819029502
190 1.0963964850894692
191 1.0963964850894692
192 0.725731360026536
193 0.725731360026536
194 0.3249948031411265
195 0.3249948031411265
196 0.5220354708091477
197 0.5220354708091477
198 0.6124668861377338
199 0.6124668861377338
200 0.613418563169603
201 0.7392260108383409
202 0.7392260108383409
203 1.263066808003408
204 1.263066808003408
205 0.9610837173442766
206 0.9610837173442766
207 0.8436095117090707
208 0.8436095117090707
209 1.5456389774966346
210 0.9595159231426
211 0.9595159231426
212 0.1
213 0.1
214 0.8172872552233269
215 0.8172872552233269
216 0.7329898623841754
217 0.7329898623841754
218 0.9236654655833614
219 0.9236654655833614
220 0.630075161233706
221 0.630075161233706
222 0.6275514531202011
223 0.6275514531202011
224 0.2827916338892725
225 0.2827916338892725
226 1.0825203496979117
227 1.006099804930353
228 1.006099804930353
229 0.7393855431608467
230 0.7393855431608467
231 0.40992582126741084
232 0.7234451850183246
233 0.7234451850183246
234 0.2388557615861054
235 0.7210359318224772
236 0.7210359318224772
237 0.7511063340206745
238 0.7511063340206745
239 0.6127371535627562
240 0.6127371535627562
241 0.36112283580243376
242 0.36112283580243376
243 0.34172262767519496
244 0.34172262767519496
245 0.7786692256567407
246 0.7786692256567407
247 0.42402029247681183
248 0.42402029247681183
249 0.1
250 0.1
251 0.6096065373586181
252 0.6096065373586181
253 0.15120350812490962
254 0.15120350812490962
255 0.1
256 0.1
257 0.5659784216908867
258 0.5659784216908867
259 0.5601688976886817
260 0.5741202928180867
261 0.5741202928180867
262 0.9604807382698767
263 0.5320741503318864
264 0.7181671675529282
265 0.3822539496311021
266 1.0086014527141165
267 1.0086014527141165
268 0.6506366694378167
269 0.3143305134291888
270 0.3143305134291888
271 0.6840648167239504
272 0.6840648167239504
273 0.4056924558918098
274 0.4056924558918098
275 0.6030497883105747
276 0.6030497883105747
277 0.22100417459239619
278 1.0838994395843669
279 1.0838994395843669
280 1.2834008220938982
281 1.2834008220938982
282 0.48391069037429124
283 0.48391069037429124
284 0.5572978686115884
285 0.5572978686115884
286 0.6247368772361026
287 0.6247368772361026
288 1.032878707900509
289 1.032878707900509
290 0.1
291 0.1
292 1.0350550646108208
293 1.0350550646108208
294 0.5653045850180775
295 0.5653045850180775
296 0.9128708949846382
297 0.9128708949846382
298 1.0021253348735741
299 1.0021253348735741
300 1.0942303915627178
301 1.0942303915627178
302 0.4754765557095494
303 0.4754765557095494
304 0.6793680505834533
305 0.6793680505834533
306 0.7355243471656734
307 0.2692353041382924
308 0.2692353041382924
309 0.8290154864293375
310 0.8290154864293375
311 0.7949189538491034
312 0.3679352229235183
313 0.3679352229235183
314 0.1
315 0.1
316 0.3966466910250003
317 0.3966466910250003
318 0.5551877246077834
319 0.5551877246077834
