0 3.5153326541331205
1 3.5153326541331205
2 3.5153326541331205
3 3.5153326541331205
4 1.9729455000609897
5 1.9729455000609897
6 1.9729455000609897
7 1.9729455000609897
8 0.41092853833944565
9 0.41092853833944565
10 3.696677452181177
11 3.696677452181177
12 5.180648539026677
13 5.180648539026677
14 5.180648539026677
15 5.180648539026677
16 2.4902857945033485
17 2.4902857945033485
18 2.4902857945033485
19 2.4902857945033485
20 1.857884495243873
21 1.857884495243873
22 1.857884495243873
23 1.857884495243873
24 5.8207318541170165
25 4.282290134340262
26 4.282290134340262
27 4.282290134340262
28 4.282290134340262
29 3.029847562960769
30 3.029847562960769
31 3.029847562960769
32 3.029847562960769
33 4.002519115223105
34 4.002519115223105
35 4.002519115223105
36 4.002519115223105
37 2.5336708111395483
38 2.5336708111395483
39 2.5336708111395483
40 2.5336708111395483
41 2.269621860949626
42 2.269621860949626
43 3.2744947794982195
44 3.2744947794982195
45 3.2744947794982195
46 3.2744947794982195
47 4.021990529158614
48 4.021990529158614
49 3.539923374510925
50 4.07487289020163
51 4.07487289020163
52 5.0635282485535456
53 5.0635282485535456
54 4.829875973438978
55 4.13816099755452
56 4.13816099755452
57 4.13816099755452
58 4.13816099755452
59 4.228165047772223
60 2.3453348621333814
61 2.3453348621333814
62 2.3453348621333814
63 2.3453348621333814
64 2.381494744582492
65 2.381494744582492
66 1.887740592994522
67 2.2910383142352932
68 2.2910383142352932
69 2.2910383142352932
70 2.2910383142352932
71 1.959313929597394
72 1.959313929597394
73 1.959313929597394
74 1.959313929597394
75 4.703797445093296
76 4.703797445093296
77 5.554623980244545
78 7.4302746818246606
79 7.4302746818246606
80 3.5614981538358017
81 3.5614981538358017
82 3.2433422680384862
83 3.2433422680384862
84 3.2433422680384862
85 3.2433422680384862
86 3.238201371417879
87 3.238201371417879
88 3.818239905238146
89 3.818239905238146
90 3.818239905238146
91 0.1
92 0.1
93 0.1
94 0.1
95 3.310666150938951
96 3.4232625669758945
97 3.4232625669758945
98 3.4232625669758945
99 3.4232625669758945
100 0.8276018026348719
101 0.8276018026348719
102 1.6307844035756998
103 2.1599072148506457
104 2.1599072148506457
105 2.1599072148506457
106 2.1599072148506457
107 1.522921767385135
108 1.4975913014202766
109 1.4975913014202766
110 1.4975913014202766
111 1.4975913014202766
112 0.46381782205798094
113 0.46381782205798094
114 2.2668273931589513
115 2.2668273931589513
116 2.2668273931589513
117 2.2668273931589513
118 3.0927737557207635
119 3.0927737557207635
120 3.0927737557207635
121 3.0927737557207635
122 1.0174415137565362
123 3.163637215144796
124 3.163637215144796
125 2.1425034138522254
126 2.1425034138522254
127 3.311107536886043
128 3.311107536886043
129 3.311107536886043
130 3.311107536886043
131 2.8214676647238397
132 2.8214676647238397
133 1.7782595476911252
134 1.7782595476911252
135 1.7782595476911252
136 1.7782595476911252
137 2.090277277638015
138 2.090277277638015
139 2.090277277638015
140 2.090277277638015
141 1.9306415065921718
142 1.9306415065921718
143 1.9306415065921718
144 1.9306415065921718
145 3.106669103496512
146 3.106669103496512
147 3.106669103496512
148 3.106669103496512
149 5.029142902154313
150 5.029142902154313
151 5.029142902154313
152 5.029142902154313
153 5.788607970507488
154 0.1
155 0.1
156 0.1
157 0.1
158 6.4126547618321
159 6.4126547618321
160 6.4126547618321
161 6.4126547618321
162 2.4297706795401233
163 1.7157514377562813
164 1.7157514377562813
165 1.7157514377562813
166 1.7157514377562813
167 2.464116444488488
168 2.464116444488488
169 2.722414315558586
170 2.722414315558586
171 2.722414315558586
172 2.722414315558586
173 1.221620931979977
174 1.221620931979977
175 1.221620931979977
176 1.221620931979977
177 1.9187189295908627
178 4.070759360199293
179 6.67437320973761
180 6.67437320973761
181 6.67437320973761
182 6.67437320973761
183 2.960148678677394
184 1.0783782191735214
185 1.1142867394942062
186 3.737827545355459
187 3.737827545355459
188 3.737827545355459
189 3.737827545355459
190 3.744748562684959
191 3.744748562684959
192 5.429507466980145
193 5.429507466980145
194 3.916140588556075
195 2.9677561185533965
196 2.9677561185533965
197 2.9677561185533965
198 2.9677561185533965
199 4.049385469656652
200 4.049385469656652
201 4.049385469656652
202 4.049385469656652
203 2.4535686618742103
204 2.4535686618742103
205 2.4535686618742103
206 2.4535686618742103
207 5.873746820688913
208 5.873746820688913
209 5.873746820688913
210 5.873746820688913
211 4.215010176142624
212 3.1609095922928248
213 0.1569319502122677
214 0.1569319502122677
215 0.1569319502122677
216 3.246044062934155
217 3.246044062934155
218 3.246044062934155
219 2.3983447310407016
220 2.3983447310407016
221 2.3983447310407016
222 2.3983447310407016
223 1.7969625067981903
224 1.7969625067981903
225 4.452731557975209
226 1.8842212368505948
227 1.8842212368505948
228 1.8842212368505948
229 2.7861945181322048
230 0.1
231 2.792590283745068
232 2.792590283745068
233 2.792590283745068
234 4.3939353484570605
235 4.37056007064465
236 4.37056007064465
237 1.89883298792286
238 1.89883298792286
239 1.89883298792286
240 1.89883298792286
241 4.313220196674652
242 1.745273920299511
243 1.657150476450643
244 1.657150476450643
245 1.657150476450643
246 1.657150476450643
247 1.7067801914391425
248 4.482516845226241
249 4.482516845226241
250 4.482516845226241
251 4.482516845226241
252 2.5156613093768248
253 2.5156613093768248
254 2.5156613093768248
255 2.5156613093768248
256 2.2193961978579795
257 2.2193961978579795
258 2.2193961978579795
259 2.2193961978579795
260 4.063019599294989
261 4.063019599294989
262 4.063019599294989
263 4.063019599294989
264 2.8142439088194564
265 2.8142439088194564
266 2.8142439088194564
267 2.8142439088194564
268 2.9220863130143417
269 2.9220863130143417
270 2.9220863130143417
271 2.9220863130143417
272 5.302826808833636
273 3.630839621867623
274 1.918828129149188
275 4.356128612246442
276 4.356128612246442
277 4.356128612246442
278 4.356128612246442
279 3.456922167832769
280 1.5795815815271115
281 1.5795815815271115
282 3.2514543304607515
283 4.6564331643395
284 4.6564331643395
285 4.6564331643395
286 0.1
287 0.1
288 0.22005694457741543
289 0.22005694457741543
290 0.8013547436200681
291 0.8013547436200681
292 0.8013547436200681
293 0.8013547436200681
294 2.5456305811457383
295 2.5456305811457383
296 2.5456305811457383
297 2.5456305811457383
298 0.1
299 3.8870099378585046
300 3.8870099378585046
301 3.8870099378585046
302 3.8870099378585046
303 1.5007846859803728
304 1.5007846859803728
305 1.5007846859803728
306 1.5007846859803728
307 3.703574909904799
308 3.703574909904799
309 3.703574909904799
310 3.647291233042681
311 3.647291233042681
312 3.647291233042681
313 3.647291233042681
314 4.371155770003169
315 4.371155770003169
316 4.371155770003169
317 4.371155770003169
318 7.352234196932789
319 7.352234196932789
