0 5.1861665936456625
1 4.936238744413378
2 5.255252219210619
3 4.48073086031245
4 4.747096641160861
5 5.185948201012395
6 5.650403256487854
7 4.046072472968157
8 4.046072472968157
9 4.062338111705172
10 4.062338111705172
11 4.981419391630941
12 6.178849579857529
13 4.133621145530698
14 4.133621145530698
15 4.9977715874648405
16 5.483728968294699
17 4.39719024503651
18 4.780155249125015
19 4.335452678745128
20 5.019798815103354
21 4.945999022337412
22 4.3785200031466776
23 5.2031954351808425
24 4.767338635787755
25 4.649762539308631
26 5.318559909213439
27 5.318559909213439
28 5.098779093513908
29 5.098779093513908
30 4.3518849632773975
31 4.474958036677922
32 4.990778667008372
33 4.990778667008372
34 4.975521097992732
35 4.712045424807413
36 5.072562606380158
37 5.072562606380158
38 4.477685327520992
39 4.117124575463891
40 4.365597560101721
41 4.365597560101721
42 5.002061784004324
43 4.055723824933497
44 4.851438821860961
45 4.358427575917176
46 5.181016218735288
47 4.953162884017429
48 4.953162884017429
49 3.889681163790369
50 5.643462540172359
51 4.288656330561136
52 4.621717076929573
53 5.00820282985152
54 5.390640734046739
55 4.675287330700937
56 4.846161112251419
57 5.0986215398956505
58 5.0986215398956505
59 5.14537399141259
60 4.108627491579943
61 4.885146495862952
62 4.10297114761392
63 5.174352033756874
64 4.467685004363303
65 4.467685004363303
66 5.502226534490827
67 5.517577860102811
68 4.900569945447252
69 4.900569945447252
70 4.931643531100418
71 4.087485484467787
72 4.646975225044097
73 4.29475922508742
74 5.3417481966268605
75 5.3417481966268605
76 5.42415808251373
77 5.42415808251373
78 4.616847784949217
79 5.301337097018049
80 4.604337480789535
81 5.190703023618921
82 5.190703023618921
83 5.059031110774804
84 5.077345008247928
85 4.853834601066771
86 5.841280458570468
87 4.621922637723167
88 4.750697803230137
89 4.750697803230137
90 4.520326056936555
91 4.520326056936555
92 4.473645599225406
93 5.3092987971939145
94 3.975926438170702
95 4.681032121952224
96 4.6210759543464235
97 4.287355365803124
98 3.9968272415083343
99 4.323391055954122
100 4.66879403898555
101 4.24733797034622
102 4.650830349688966
103 5.37591017186638
104 5.023188554886993
105 4.505706769114452
106 4.432618169461571
107 4.611547748839403
108 4.598080065742803
109 3.8646834661666007
110 5.427930068714037
111 4.471295933451007
112 4.920902417209584
113 4.861222881018012
114 4.556763692389634
115 4.550705428491351
116 4.550705428491351
117 4.680517013356672
118 4.676976066034563
119 4.349219823440502
120 4.741600893488782
121 4.741600893488782
122 5.442802498610622
123 5.442802498610622
124 4.864492427457259
125 4.65529768209919
126 5.526489510743618
127 5.526489510743618
128 4.973278716886041
129 4.078217569678669
130 4.353800727638049
131 4.548403876806662
132 4.401196834812129
133 4.401196834812129
134 4.718060898162942
135 4.08875530866444
136 4.13693556368434
137 5.171691379277364
138 4.5203812644674874
139 4.60101713231922
140 5.105898832072501
141 5.1892674262593
142 4.288131571380993
143 4.322544313577872
144 5.3010726211516825
145 4.224701666841252
146 5.1405599723939215
147 5.156383414728759
148 4.289134676022721
149 5.367694002651621
150 5.367694002651621
151 5.538774014330526
152 4.70917764294311
153 4.70917764294311
154 5.036203001366063
155 5.479813135079701
156 5.464395955424218
157 4.795174222382186
158 5.047503014921531
159 4.229565900229955
160 4.229565900229955
161 4.639437025120325
162 4.2368232943337665
163 4.760646392801248
164 4.160376575464253
165 4.160376575464253
166 4.912198999652567
167 4.912198999652567
168 5.3666624290014635
169 5.3666624290014635
170 4.737674709033936
171 5.074706996141932
172 4.437013931408284
173 4.437013931408284
174 5.104206421900327
175 5.104206421900327
176 4.404906429258793
177 5.369016079287457
178 4.848483487885892
179 5.314507197116313
180 5.314507197116313
181 4.25825265237911
182 4.503238786741568
183 5.036969168419125
184 4.702133577422108
185 5.149250957301852
186 4.678720685194011
187 5.2163771967600026
188 4.2855082959064195
189 5.3170991493906765
190 5.131711306212437
191 4.593926951457269
192 4.800709061929334
193 4.847957614890322
194 4.258983639808596
195 5.150023932461643
196 4.421863302103194
197 4.692546910129747
198 4.937352567398036
199 4.517770833174914
200 4.643277426631135
201 4.818727842748534
202 4.856212955179316
203 5.334632566781309
204 5.574407290687728
205 4.615360341053808
206 4.615360341053808
207 4.981262076870006
208 4.981262076870006
209 5.038636123436741
210 4.21558619559065
211 5.183671527941369
212 4.605501590032102
213 5.044617009303548
214 5.103900614912937
215 4.974710009824095
216 4.0274456810842745
217 5.066444451556273
218 4.589979347556483
219 4.767868862417749
220 4.7156496211662695
221 4.40990364091394
222 4.40990364091394
223 4.697393865265795
224 4.811095652719277
225 4.811095652719277
226 3.4615269141182425
227 4.571960290892747
228 4.921859352901275
229 4.578059010561281
230 4.578059010561281
231 4.750405494810321
232 4.750405494810321
233 4.559984323324234
234 4.7455473360057026
235 4.1942407383673945
236 4.1942407383673945
237 5.5449344420125115
238 4.462339264843683
239 4.373691746660075
240 4.350097252410885
241 5.974289802217846
242 5.275190720475663
243 4.3451165826820946
244 6.047254237356633
245 5.463424844162594
246 5.463424844162594
247 4.3736505960841345
248 3.7157632199380886
249 4.908401048573496
250 5.1658461232474675
251 5.1658461232474675
252 6.1454441546596374
253 4.557681485507362
254 5.111695878336241
255 5.111695878336241
256 5.36964505301724
257 6.1823023534910195
258 6.1823023534910195
259 5.130720570980466
260 5.1794949084434245
261 5.1794949084434245
262 4.180928493728497
263 5.104220121491653
264 5.004449916752948
265 4.300506881980695
266 4.300506881980695
267 5.177396816919412
268 4.441031394834295
269 4.441031394834295
270 4.597467037807757
271 4.853272460265096
272 4.830434482083281
273 5.208252520940005
274 5.040586387970306
275 4.790841025987682
276 5.442192604517891
277 4.345757205839797
278 5.488407066694641
279 4.908908873349038
280 4.231369727261043
281 4.690260514454185
282 4.690260514454185
283 4.977456597847024
284 5.258337647238401
285 5.258337647238401
286 5.294103601430038
287 5.3780228340779885
288 5.1649007422347
289 5.696075406329911
290 4.436267827981007
291 4.436267827981007
292 5.175978601406536
293 5.1405866410692935
294 4.031158772798662
295 4.973114805120016
296 5.1010388202713335
297 4.661919078259516
298 4.839883261055376
299 4.452271518419541
300 4.452271518419541
301 4.462002955041425
302 4.8935120898977065
303 5.055866836149149
304 4.834680146760172
305 3.785399264434215
306 4.28489869612508
307 5.043228235943016
308 5.3339849784297755
309 4.441084843082609
310 4.241580497983834
311 5.2593113411121815
312 3.7059452707252274
313 5.4276341190308095
314 4.387053507250275
315 4.905545851598583
316 5.423642348218321
317 5.170686012800291
318 4.9884266037682705
319 4.343402324269781
