0 3.414608366497038
1 3.414608366497038
2 3.414608366497038
3 3.414608366497038
4 2.783236822193711
5 2.783236822193711
6 2.783236822193711
7 2.783236822193711
8 3.3318910365652497
9 3.3318910365652497
10 3.3318910365652497
11 3.3318910365652497
12 3.6701499363664953
13 3.6701499363664953
14 3.6701499363664953
15 3.6701499363664953
16 3.2827617644414557
17 3.2827617644414557
18 3.2827617644414557
19 3.2827617644414557
20 2.8429498823446036
21 2.8429498823446036
22 2.8429498823446036
23 2.8429498823446036
24 2.909159807804367
25 3.8551980175327825
26 3.8551980175327825
27 3.8551980175327825
28 3.8551980175327825
29 4.014947981797589
30 4.014947981797589
31 4.014947981797589
32 4.014947981797589
33 3.9443573056850223
34 3.9443573056850223
35 3.9443573056850223
36 3.9443573056850223
37 3.480691753691818
38 3.480691753691818
39 3.480691753691818
40 3.480691753691818
41 3.5649286400185964
42 3.2748175393666443
43 3.2748175393666443
44 3.2748175393666443
45 3.2748175393666443
46 2.891719663371925
47 2.891719663371925
48 2.891719663371925
49 2.891719663371925
50 2.8008517248289877
51 2.9505739157372957
52 2.9505739157372957
53 2.9505739157372957
54 2.9505739157372957
55 2.6595801242809274
56 2.6595801242809274
57 2.6595801242809274
58 2.6595801242809274
59 2.647360033990336
60 2.647360033990336
61 2.647360033990336
62 2.647360033990336
63 3.0219610582867658
64 2.988670468007098
65 2.988670468007098
66 2.988670468007098
67 3.139331707151188
68 3.139331707151188
69 3.139331707151188
70 3.139331707151188
71 3.0325713662521507
72 3.3833976927613882
73 3.3833976927613882
74 3.3833976927613882
75 3.3833976927613882
76 3.2922237011449877
77 3.2922237011449877
78 2.824039906925984
79 2.824039906925984
80 3.277353338799391
81 3.389746859588224
82 3.389746859588224
83 3.389746859588224
84 3.389746859588224
85 2.9499540205129167
86 2.9499540205129167
87 2.9499540205129167
88 3.454367341042571
89 3.454367341042571
90 3.454367341042571
91 3.454367341042571
92 3.099443987466839
93 3.099443987466839
94 3.099443987466839
95 3.099443987466839
96 3.756550683418511
97 3.756550683418511
98 3.756550683418511
99 3.756550683418511
100 3.525636642775264
101 3.525636642775264
102 3.525636642775264
103 3.525636642775264
104 3.451951158288931
105 3.451951158288931
106 3.451951158288931
107 3.142316315577534
108 3.0514723135805415
109 3.0514723135805415
110 3.0514723135805415
111 3.0514723135805415
112 3.498888960637812
113 3.498888960637812
114 3.498888960637812
115 3.498888960637812
116 2.927078404624181
117 2.927078404624181
118 3.541337097011439
119 3.541337097011439
120 3.541337097011439
121 3.541337097011439
122 3.597590676928837
123 3.597590676928837
124 3.597590676928837
125 3.597590676928837
126 2.9706779310442233
127 2.9706779310442233
128 2.9706779310442233
129 2.9706779310442233
130 3.3705049089769625
131 3.3705049089769625
132 3.3705049089769625
133 3.3705049089769625
134 3.235331278300258
135 3.3927256977860423
136 3.3927256977860423
137 3.3927256977860423
138 3.3927256977860423
139 2.967996634822961
140 2.967996634822961
141 2.967996634822961
142 2.8995956529403872
143 2.8995956529403872
144 2.8995956529403872
145 2.8995956529403872
146 2.9748518621373146
147 2.9748518621373146
148 2.9748518621373146
149 2.9748518621373146
150 3.561370106018123
151 3.561370106018123
152 2.7688274013462433
153 3.21205512927053
154 3.21205512927053
155 3.21205512927053
156 3.21205512927053
157 2.8514917876095343
158 2.8514917876095343
159 2.8514917876095343
160 3.3083233795365237
161 3.3083233795365237
162 3.3083233795365237
163 3.3083233795365237
164 3.0747466093927622
165 3.0747466093927622
166 3.0747466093927622
167 3.0747466093927622
168 2.963269227657768
169 3.042686432286998
170 3.269073683617345
171 3.4464590614158523
172 3.4464590614158523
173 3.4464590614158523
174 3.4464590614158523
175 3.407056409539439
176 3.407056409539439
177 3.407056409539439
178 3.407056409539439
179 3.6000287606477683
180 3.6000287606477683
181 3.6000287606477683
182 3.6000287606477683
183 3.0788694779802324
184 3.0788694779802324
185 3.0788694779802324
186 3.0788694779802324
187 3.101061326056736
188 3.256503468305512
189 3.256503468305512
190 3.227956183146217
191 3.227956183146217
192 2.840915485360263
193 2.840915485360263
194 2.840915485360263
195 2.840915485360263
196 2.8693844291103043
197 3.063582232334815
198 3.063582232334815
199 2.999461931754843
200 3.4499323351376003
201 3.842342317829352
202 3.842342317829352
203 3.842342317829352
204 3.842342317829352
205 3.242865245448889
206 3.242865245448889
207 3.242865245448889
208 3.242865245448889
209 3.3851886564280536
210 3.3851886564280536
211 3.3851886564280536
212 3.3851886564280536
213 3.284197598906564
214 3.284197598906564
215 3.284197598906564
216 3.284197598906564
217 2.923207827178399
218 2.923207827178399
219 2.923207827178399
220 2.923207827178399
221 2.7623458790488917
222 2.7623458790488917
223 2.7623458790488917
224 3.2714404017481717
225 3.4892299133861977
226 3.4892299133861977
227 3.4892299133861977
228 3.4892299133861977
229 2.469203959175049
230 2.469203959175049
231 2.469203959175049
232 2.469203959175049
233 3.3264261651438627
234 3.79156143749532
235 3.79156143749532
236 3.79156143749532
237 3.79156143749532
238 4.102462385508428
239 4.102462385508428
240 4.102462385508428
241 4.102462385508428
242 3.734288303677608
243 3.734288303677608
244 3.179845834776564
245 3.179845834776564
246 2.9995181661425248
247 2.9995181661425248
248 2.9995181661425248
249 2.9995181661425248
250 2.5899175732021265
251 2.5899175732021265
252 2.5899175732021265
253 2.5899175732021265
254 3.254619728888628
255 3.254619728888628
256 3.254619728888628
257 3.1247920822049675
258 3.1247920822049675
259 2.7262219221338575
260 2.7262219221338575
261 2.7262219221338575
262 2.7262219221338575
263 3.0942744233366244
264 3.0942744233366244
265 3.0942744233366244
266 3.0942744233366244
267 2.546537907256263
268 2.546537907256263
269 2.546537907256263
270 2.546537907256263
271 3.0226904792436993
272 3.0226904792436993
273 3.0226904792436993
274 3.0226904792436993
275 2.840262069201543
276 2.840262069201543
277 2.840262069201543
278 2.840262069201543
279 2.92736296534115
280 2.92736296534115
281 2.92736296534115
282 2.92736296534115
283 2.9317985517136065
284 2.9317985517136065
285 2.9317985517136065
286 2.9317985517136065
287 3.038729025355807
288 3.038729025355807
289 3.038729025355807
290 3.348730482868518
291 3.348730482868518
292 3.348730482868518
293 3.348730482868518
294 3.2778204227745107
295 3.2778204227745107
296 3.2778204227745107
297 2.805604727216264
298 4.0187487100334405
299 4.0187487100334405
300 4.0187487100334405
301 4.0187487100334405
302 3.263961804573648
303 2.914926873247996
304 2.914926873247996
305 2.914926873247996
306 2.914926873247996
307 3.7053496212768433
308 3.3178357424141454
309 2.9157457807350937
310 2.7254198912790777
311 2.7254198912790777
312 2.7254198912790777
313 2.7254198912790777
314 3.455543130968501
315 3.455543130968501
316 3.455543130968501
317 3.455543130968501
318 2.66449908333668
319 2.66449908333668
