0 0.3368307018143138
1 0.4071500116942741
2 0.19726453877839895
3 0.35039879514290817
4 0.28765970155351384
5 0.4642178158333104
6 0.35239429417697676
7 0.2791563546561919
8 0.4393430249294959
9 0.3360603073409943
10 0.3795814111677858
11 0.21567502022016988
12 0.43802218580974234
13 0.30757507694465747
14 0.304597887789161
15 0.3713986172656272
16 0.35810035453069033
17 0.3752406697665318
18 0.30047334043728624
19 0.4834895206690057
20 0.3447252597770678
21 0.43296011188220157
22 0.2994583543475144
23 0.37646093824273236
24 0.3087909233041547
25 0.33868986818963387
26 0.2535904579057683
27 0.4028582592250255
28 0.40787107366412406
29 0.3366251401542074
30 0.32727194856488623
31 0.4522829805166878
32 0.41072023965982235
33 0.3079769824445027
34 0.41922617973943044
35 0.4303930894699888
36 0.31619356833812534
37 0.28076830744057524
38 0.26350054505740816
39 0.33801967843430303
40 0.40336578365154707
41 0.44238457470525683
42 0.2829693457637109
43 0.265643458154213
44 0.22316906296991437
45 0.4695127873505197
46 0.2867991547129374
47 0.4565261941351101
48 0.3484361829029332
49 0.307888864958714
50 0.2565651394286863
51 0.32278711122000986
52 0.2564806456504912
53 0.3159749945008151
54 0.2838962782487744
55 0.42019611932168105
56 0.3218975728757578
57 0.4376090767530958
58 0.41573190301506746
59 0.41818940720416986
60 0.346600895140337
61 0.3479388332303578
62 0.31575611658328767
63 0.5518196959817804
64 0.46600977201053645
65 0.32669062339883875
66 0.38033002592720216
67 0.4774533907086844
68 0.43363189832184784
69 0.4208698662990079
70 0.40001108956714826
71 0.44943437091226807
72 0.3455511365665085
73 0.2464661074673984
74 0.44269081167292523
75 0.5058405658201482
76 0.42986222237418825
77 0.48952776680809096
78 0.4384481325511548
79 0.27814662094878717
80 0.2727830694095986
81 0.49879441565746546
82 0.42597173986769293
83 0.26641642315018044
84 0.4861427963589157
85 0.3077377265307814
86 0.24923205979771154
87 0.33674413123214014
88 0.30698423518298695
89 0.4024948263478093
90 0.2759344613100382
91 0.38393738849920517
92 0.36874116123663764
93 0.3000101379395952
94 0.24781449900554695
95 0.2314751183477973
96 0.25808908588714696
97 0.3650637472392456
98 0.3612326268136295
99 0.3570939696771239
100 0.2839783752336776
101 0.44022536151553554
102 0.2926586700054804
103 0.4705137338344509
104 0.38761080302315776
105 0.4014520982946009
106 0.28127187156919387
107 0.381499681028341
108 0.3579554082120816
109 0.3687416429663765
110 0.4040105944508434
111 0.3568646052456517
112 0.3118788029132837
113 0.48261574720310907
114 0.3014498816333489
115 0.5220014533005993
116 0.33789173630757935
117 0.3250123134746699
118 0.41575573567159946
119 0.39182319485080214
120 0.288101287301044
121 0.4044455839838295
122 0.31318105871242563
123 0.4250227235012853
124 0.2234150173000533
125 0.34157399619814083
126 0.3568805014105811
127 0.4958567055772941
128 0.36171356290503615
129 0.3845308038003443
130 0.2950102875737454
131 0.31370707192366
132 0.26136754796640216
133 0.39722179539175195
134 0.3834252465627584
135 0.4509438873350968
136 0.42297675008780905
137 0.5439422363643018
138 0.4318764298750102
139 0.3368302837118198
140 0.2876673058917355
141 0.411042314825901
142 0.34916624151265824
143 0.3625980461248453
144 0.32314481617148827
145 0.5120719109774952
146 0.4189195686427805
147 0.562046093781511
148 0.38194936118347705
149 0.3957619699023633
150 0.3725843920360363
151 0.4043044881427398
152 0.35718825751136196
153 0.282576158176505
154 0.4584756388020548
155 0.3327398242547497
156 0.4875010813111974
157 0.40662706463778636
158 0.25830131480719204
159 0.21598837628004847
160 0.27102465718996605
161 0.4836068157684339
162 0.3551909713098877
163 0.24381049926264997
164 0.2826430451418148
165 0.362340709614514
166 0.4291305240288127
167 0.42063932722648933
168 0.35065375107103425
169 0.5294673912672362
170 0.4415971361931776
171 0.4438220081301086
172 0.2888856336856364
173 0.2512976872918603
174 0.2958994457377289
175 0.3392995260589181
176 0.5165281389453706
177 0.4777920378839906
178 0.36264273425741467
179 0.46821701141467703
180 0.37998010020869094
181 0.41428586029387626
182 0.5141533765717925
183 0.39427168176052113
184 0.35047819290456705
185 0.3937754419439843
186 0.5391788635920861
187 0.28940929828565454
188 0.40250876394185336
189 0.49534526565506404
190 0.3342956775048015
191 0.37252998033990536
192 0.3035980567611012
193 0.41859860622151085
194 0.30619200739758856
195 0.480647408836107
196 0.29220114972836764
197 0.3491665253064991
198 0.4751751245883037
199 0.34844820195602605
200 0.5146326352083128
201 0.3304085128052408
202 0.3115506769955926
203 0.3137505866885464
204 0.29805694554026807
205 0.3901369398172048
206 0.48073158262784677
207 0.4842272296490806
208 0.3853545562381083
209 0.32831438642530125
210 0.296147794999543
211 0.35200313573807374
212 0.2610147780839717
213 0.3035970503813508
214 0.3760625936819679
215 0.4908302599515984
216 0.49752244026382497
217 0.2375439711158929
218 0.26236209343543726
219 0.35178139408890274
220 0.4650854464554157
221 0.3568307629890113
222 0.39567391160771725
223 0.38612113823027433
224 0.3364176170860139
225 0.31352857972461723
226 0.3147509342692848
227 0.41357414539035015
228 0.2790776114197485
229 0.30023495577571296
230 0.3559003915234685
231 0.41395523003802
232 0.48378585886158737
233 0.3679309017040577
234 0.26264248768648607
235 0.3721064667458205
236 0.4380821101325729
237 0.5458551485646682
238 0.24454770840664633
239 0.4136392045543357
240 0.5265897593811595
241 0.33170814265324544
242 0.545835518011768
243 0.43349796176616623
244 0.297882660337419
245 0.38639884491077586
246 0.39703561944283566
247 0.3453400516224674
248 0.2705973787887044
249 0.45524235453678363
250 0.3941299494315704
251 0.30667221673068723
252 0.39252114771382235
253 0.41676253380866946
254 0.4044096913479183
255 0.43185660220718625
256 0.440437981053626
257 0.28719930884414585
258 0.2684443097200475
259 0.24695658088936992
260 0.2877551060339608
261 0.40237806604964627
262 0.3261347765034311
263 0.426387399438387
264 0.2621703487604986
265 0.2766201961882834
266 0.44162380459179124
267 0.3329145425565594
268 0.3620989224013321
269 0.3377657512286133
270 0.542626871122682
271 0.25236714535778987
272 0.3624775006494268
273 0.4079365461786473
274 0.5388847073251196
275 0.4689807942803463
276 0.45657621492600553
277 0.3593527217695443
278 0.2819797829324603
279 0.4533660581479592
280 0.39217743316461295
281 0.37116147725077125
282 0.4949399106220607
283 0.2812459372162444
284 0.35520569470148544
285 0.4582599355944166
286 0.5162972629113144
287 0.3561657028090671
288 0.27375471028324494
289 0.32904977933709945
290 0.4824173441117288
291 0.2690760130374915
292 0.2595020843214747
293 0.40920464664335715
294 0.4138132887906658
295 0.4214120957692837
296 0.46370341834573664
297 0.35040048434378385
298 0.377320664270306
299 0.46425182876726
300 0.4102673886271063
301 0.48748175041508685
302 0.37766950497359975
303 0.30276320902331944
304 0.2716657340969802
305 0.45881228295144055
306 0.4380799985611428
307 0.4116156906100296
308 0.34513845044353947
309 0.25242647753083636
310 0.334298254500524
311 0.36136634648814026
312 0.4572946592626694
313 0.4631416505338536
314 0.3044130186883378
315 0.3739564246689622
316 0.42627430215813716
317 0.29432787794865156
318 0.44213210697380323
319 0.5028365017503199
