0 0.3861886622888892
1 0.3234822082493071
2 0.7655620128231249
3 0.23980612038286395
4 0.26479868096765297
5 0.24144941785229523
6 0.9640941814042878
7 1.3862596427248624
8 1.2892617441466094
9 0.7423591445974911
10 0.7486330026376972
11 0.6587648780477302
12 1.0783065399254754
13 1.0567753165617582
14 1.2669828144586446
15 1.40010904662102
16 1.2498374443557598
17 1.0072254009199437
18 1.1706465609410561
19 0.9915022285295942
20 1.1209980086138263
21 0.38971354358159077
22 1.2431040792258923
23 0.9913017097289463
24 0.9472897292041496
25 1.2402503606991366
26 1.1177284947588846
27 1.1630479415945463
28 1.0812268087146306
29 1.0850468860626068
30 1.1208794907820758
31 1.0521336463613766
32 1.1087986137413006
33 1.1906976767327122
34 1.0872431172381978
35 1.282328858372445
36 1.2865813146300018
37 1.0200363880241665
38 0.7912697867106019
39 1.0803662411996282
40 1.1614324106558347
41 1.1560129123169978
42 0.8844501670888781
43 1.0548500046658758
44 1.0599117336511386
45 1.075978560349613
46 1.142938351182729
47 1.213374846805764
48 1.127773247426844
49 0.4929614544490301
50 0.50774558835556
51 0.5533667015378093
52 0.5032774012313471
53 1.1796906393871744
54 1.0067469058800027
55 0.9241981984844228
56 1.1037143672641883
57 1.018627927117829
58 1.0385346916430513
59 0.9166987408923927
60 0.8103511573070606
61 0.7939329891613576
62 0.7704520422823676
63 0.46500027377095365
64 0.5549901838980353
65 0.4342713522131968
66 0.6169394621789697
67 0.5198634936517943
68 0.5508169641918902
69 0.44034028439829004
70 0.446757244879821
71 0.5917110043443352
72 0.5979367262375983
73 0.5559321855720173
74 0.5445028450310005
75 0.5495124059494902
76 0.4367962408375879
77 0.5124352106076144
78 0.5443958385253737
79 0.5585073293164429
80 0.4798994050407044
81 1.1271085179944609
82 1.0757377049711452
83 0.9674570339498126
84 1.1818271578179345
85 0.981575543479546
86 0.927420604563972
87 1.045165112676135
88 0.3897369426262834
89 0.3539601064710095
90 0.4114155673900085
91 0.3916656245381023
92 0.7216498179340606
93 0.6723626290005678
94 0.8560434995274236
95 0.9381081431348977
96 0.966393820679957
97 1.1387710771614972
98 1.2334584407016413
99 0.9478899407384143
100 1.0987611094775998
101 1.176014770730381
102 1.000163831554527
103 1.1653769973801738
104 1.0900922943204865
105 0.9653031801254918
106 1.1279592963435998
107 1.0544148025984557
108 0.33985553781903094
109 0.39245012467078333
110 0.35246300432884853
111 0.4045885968882532
112 0.734654095144143
113 0.8262634712052798
114 0.8007643228437415
115 0.7300907353126141
116 0.6438366899580812
117 0.7224414131770347
118 0.8023498657245042
119 0.7838244940500488
120 1.1161994598652403
121 1.2658436422598782
122 1.122332696214257
123 1.213136509539313
124 0.9475101866403677
125 0.8251920369415789
126 0.7777410080213677
127 0.8451128702301562
128 0.6408836488413322
129 0.7806801514792376
130 0.8573549582205905
131 0.8503733142001804
132 0.7659867591716151
133 1.2635451347724227
134 1.2389989338889569
135 1.2192271256087688
136 1.1713777934080785
137 0.6517572501758184
138 0.722202203317325
139 0.7228704037135852
140 0.7023819958313001
141 0.6569086077276428
142 0.6522590329885923
143 0.6350499387165627
144 0.7863888737015656
145 0.7021314032659425
146 1.106801195558868
147 0.5270883333614538
148 0.6794999859192354
149 0.6916055394681627
150 0.41301536685329376
151 0.3667221306562536
152 0.40306590853537544
153 0.33363408074018897
154 0.4597936910153215
155 0.3920613846267238
156 0.38383221868169204
157 0.359863006672325
158 1.532559687979492
159 1.339724514645305
160 1.3789365299641578
161 1.2411429866231585
162 1.2323346438902603
163 1.3717926217484038
164 1.270744446083225
165 1.2612553017130037
166 0.8750662366805886
167 0.9613184404461628
168 1.138875921626488
169 1.1270647915542895
170 1.1548357067237573
171 0.42742176508013424
172 0.35802305329434114
173 0.4382858242414073
174 0.31713106039790073
175 0.3988158768639152
176 0.41462576943671037
177 0.3633022840635122
178 0.4342588863525891
179 0.35875541315380344
180 0.379637366183884
181 0.4963959534528276
182 0.4298360782167497
183 0.5820702396042874
184 0.591689348081817
185 0.5528830347738107
186 0.5186169694220751
187 1.185529114008592
188 1.4270541773134697
189 0.9691040670738131
190 1.1692313760049242
191 1.0026039236251003
192 1.2379903441861806
193 1.151650303993705
194 1.530290587377831
195 1.3395508825686813
196 1.6095007608534215
197 1.312997318885712
198 1.4981797514237487
199 1.4593219142596734
200 1.5044155534962669
201 1.0324827392808626
202 0.976152265059577
203 1.0139437018050095
204 0.8917817613929362
205 1.0040685344810087
206 1.0548037628841767
207 0.4202771582606619
208 0.38148954447222877
209 0.5206141039635847
210 0.5478289081862977
211 0.5004013258552225
212 0.5897333740987349
213 0.5021298159275669
214 0.41875231430371634
215 0.545540585108273
216 0.3921309301736539
217 0.37964366359003593
218 0.7748744427416921
219 0.7474917085401956
220 0.8428094534481266
221 0.6554147912859059
222 0.8025873098706597
223 0.9379008886279838
224 0.7740521176338451
225 0.8041268600855759
226 0.8629793728892111
227 0.903518116932348
228 0.6776217748006441
229 0.8630027197283265
230 0.5768700847921001
231 0.7004427147140789
232 0.8865906669739874
233 0.39374642382756564
234 0.6752147671428114
235 0.715654454727171
236 0.9051781623288183
237 1.062757235035222
238 0.9316541667549746
239 1.0920371221598384
240 0.8635882197696605
241 0.979395204675036
242 0.7958348802855619
243 0.7547086713603426
244 1.0220932528139448
245 0.8931675849686701
246 0.8079340150948566
247 0.8930870273231349
248 0.8963866373836646
249 0.9358148849160173
250 1.1041351077688744
251 0.8849832059478803
252 0.8550301656899615
253 1.0771115446300883
254 1.0199941862931428
255 0.8603678183060041
256 0.9744271960401286
257 0.8968514472733929
258 0.7734475853582186
259 0.8642641744173044
260 0.8205908700385621
261 0.48340148705135366
262 1.4160067208412426
263 1.546646862767333
264 1.3433576673744945
265 1.2066903364015424
266 1.3473624826153008
267 1.4702523899585318
268 1.50853443058613
269 1.4315393449783045
270 0.7190160507127743
271 0.5783346862376343
272 0.6549514224045736
273 0.6962368097253616
274 0.7373885616395013
275 0.5856006658803168
276 0.6966984007914568
277 0.7052277656178897
278 0.54683201403811
279 0.5796800350322966
280 1.3620260927412926
281 1.401372219013966
282 0.3897959806744809
283 0.2696228086803355
284 1.266015935039021
285 1.5079411909153397
286 1.2641935569555478
287 1.4467430749566104
288 1.2309529804397363
289 1.304187754250977
290 1.2704178474496937
291 1.5051820493702057
292 1.1725876903175
293 1.0718067320234839
294 1.304081646084396
295 1.002639289306945
296 0.798098956637363
297 1.2558708547918451
298 1.257676873877551
299 1.1581387880663594
300 1.3316904573164547
301 0.8622398306100422
302 0.6339074363918522
303 0.8865504285660473
304 0.8894032886588713
305 0.9241922057693366
306 0.8098522459000039
307 0.8047548976619686
308 0.7875849334874964
309 0.9256062770284385
310 0.853542802238923
311 0.7898487971762167
312 0.7965991184478985
313 0.8630148826994226
314 0.7996418035710358
315 0.8317149927492224
316 0.799524571238992
317 0.8026463865901623
318 0.8245275602930594
319 0.8323589500745556
