0 0.609489989350735
1 0.31686050505484314
2 0.31686050505484314
3 0.5319360975767793
4 0.3601340173898338
5 0.6922526312590322
6 0.30808909109232563
7 0.6197419758693956
8 0.47365296439138027
9 0.48466032410446336
10 0.48466032410446336
11 0.32306109618389095
12 0.5134899073030115
13 0.5953744985769228
14 0.4155270879239964
15 0.5356072140810844
16 0.31664803478761944
17 0.42921913426340136
18 0.42921913426340136
19 0.3474981490425429
20 0.3474981490425429
21 0.48454140442196453
22 0.3418342573997225
23 0.7540504964122328
24 0.7540504964122328
25 0.26721114794483763
26 0.6627437088457301
27 0.46795031706173557
28 0.2791208134205309
29 0.4705130080169643
30 0.5452945927399123
31 0.3410507298280386
32 0.5381658787199093
33 0.6714037949597021
34 0.24743305460564946
35 0.2652626546264581
36 0.4015269364598907
37 0.5805760801283513
38 0.8014650582744928
39 0.47993211504833977
40 0.6102426070548796
41 0.3385377752176739
42 0.2219218976659194
43 0.4809543974897323
44 0.429404452493604
45 0.429404452493604
46 0.31344908935237337
47 0.31344908935237337
48 0.48546691193447855
49 0.38610692895786286
50 0.4044429259524729
51 0.5058189018849181
52 0.48274307796184557
53 0.28230289908183176
54 0.6272310043682189
55 0.4235016811430393
56 0.723257759109729
57 0.6923616243052649
58 0.27679707108396956
59 0.4711599884590467
60 0.4530617226145651
61 0.4530617226145651
62 0.52108039937957
63 0.52108039937957
64 0.5613523356240543
65 0.507353777810189
66 0.651900129723201
67 0.5980339026962855
68 0.4149051947586506
69 0.4471151968773724
70 0.4471151968773724
71 0.4471151968773724
72 0.20951737423511818
73 0.5297499068667304
74 0.5021606652828517
75 0.6625750928905104
76 0.6625750928905104
77 0.4455297228842911
78 0.6867350354823978
79 0.4540319954547407
80 0.5861564954914089
81 0.3769479150579578
82 0.5373814221813857
83 0.4014681891736916
84 0.2209888084732974
85 0.61520800643948
86 0.61520800643948
87 0.23698985221556995
88 0.24205410247884382
89 0.323359218428682
90 0.40499729581164257
91 0.29104185130408017
92 0.6773524564809976
93 0.3871108643151248
94 0.4412755675152638
95 0.4412755675152638
96 0.6560446757896239
97 0.49527521797837726
98 0.6560625893931911
99 0.6560625893931911
100 0.4088494348110282
101 0.5868006703740342
102 0.7193861267163258
103 0.7193861267163258
104 0.3838632456523479
105 0.3838632456523479
106 0.5221881626002737
107 0.41974338900546787
108 0.7372477754644282
109 0.38685265192648677
110 0.6171553383321825
111 0.6501493992301374
112 0.6501493992301374
113 0.44476092875417217
114 0.2576307054335571
115 0.5591434100828854
116 0.4730320860876555
117 0.4730320860876555
118 0.4299329686899105
119 0.4037837310693531
120 0.7084659364561732
121 0.5070939962880482
122 0.6924892514315104
123 0.6456996508325041
124 0.3054401216214974
125 0.6891706227774229
126 0.4419183651435513
127 0.3537275795395267
128 0.499755620330109
129 0.5824565748538512
130 0.5824565748538512
131 0.5824565748538512
132 0.5824565748538512
133 0.3516399795367296
134 0.2865423179675018
135 0.6019154692194378
136 0.6019154692194378
137 0.6019154692194378
138 0.3557043137621856
139 0.49219367842766126
140 0.7173814348803498
141 0.7173814348803498
142 0.5363562241321149
143 0.33286715901786396
144 0.7713653699067338
145 0.7713653699067338
146 0.6836930740906929
147 0.4420679228236463
148 0.2869617409676476
149 0.41644165042002357
150 0.24496691765208223
151 0.5547595849471643
152 0.26963867879811976
153 0.5306972084441322
154 0.6110128688638421
155 0.6048052654689989
156 0.5889706001451726
157 0.4327944151080616
158 0.5938733091739548
159 0.45865930012925976
160 0.3012060733744148
161 0.3012060733744148
162 0.3012060733744148
163 0.49371784712132566
164 0.37093085103785023
165 0.37093085103785023
166 0.4402720660395923
167 0.3419114298250004
168 0.4757702064535193
169 0.7644370355194459
170 0.3483242316093845
171 0.6755220024720454
172 0.4567077505933206
173 0.601926349330727
174 0.4462291574028264
175 0.4462291574028264
176 0.3890313391889366
177 0.6417702239070655
178 0.6417702239070655
179 0.3734475804461048
180 0.6542274277652396
181 0.5830492764315727
182 0.3833281283618818
183 0.3833281283618818
184 0.3833281283618818
185 0.6290615277994265
186 0.31713214071230944
187 0.5102521263213008
188 0.7709195495713227
189 0.34730237017180554
190 0.5236178431065897
191 0.619943264498565
192 0.5354803219653592
193 0.5767805392462884
194 0.7157371975079116
195 0.5485757324332592
196 0.24105814899826872
197 0.4415339314663425
198 0.4415339314663425
199 0.23050294764518023
200 0.6021951906098675
201 0.3711274218160413
202 0.26514567152825297
203 0.47836563231529694
204 0.8417601132417959
205 0.2901209984408176
206 0.47458878187811016
207 0.5692372024441105
208 0.32197145555365064
209 0.24770666706863256
210 0.30744237782354467
211 0.30744237782354467
212 0.7658837615211674
213 0.6234558728186765
214 0.6234558728186765
215 0.49892172343522834
216 0.32425437931032
217 0.526377524064391
218 0.5987377441518233
219 0.5987274090983187
220 0.5987274090983187
221 0.7707546428386716
222 0.4787902103299937
223 0.6357922337434987
224 0.3131416377098359
225 0.5670090606832442
226 0.49076592810964753
227 0.3850566145529982
228 0.48494567718275783
229 0.6807062949419239
230 0.5998768843379577
231 0.7946695765493093
232 0.3525242186300304
233 0.3525242186300304
234 0.6405349973918039
235 0.45734419218880484
236 0.5413970823875943
237 0.3326632065137022
238 0.4944411511971719
239 0.4944411511971719
240 0.38093560108950325
241 0.5238902926652323
242 0.5238902926652323
243 0.7525644583651553
244 0.3715827355583305
245 0.5682236273223743
246 0.6619745504302078
247 0.5258473393084707
248 0.6453911742152315
249 0.34779526819846845
250 0.26885908479279763
251 0.6114170603157569
252 0.6114170603157569
253 0.40143316064303985
254 0.7660343865782892
255 0.3576541207918261
256 0.5376822270690551
257 0.37264753131490436
258 0.5404675511399871
259 0.7551027243713877
260 0.7551027243713877
261 0.276724975029718
262 0.4772614381810029
263 0.7253475010538288
264 0.5182343859915778
265 0.27564640498298054
266 0.5986653578616632
267 0.4721279327648362
268 0.4721279327648362
269 0.23478107133467113
270 0.6638781286511806
271 0.47988238854091875
272 0.47988238854091875
273 0.47988238854091875
274 0.47988238854091875
275 0.45179386250933934
276 0.2712176960672161
277 0.29814397344873955
278 0.6739103615437174
279 0.8696560269872606
280 0.5095274186753638
281 0.5095274186753638
282 0.5095274186753638
283 0.5645599881905706
284 0.5645599881905706
285 0.7342739585281871
286 0.34801600867797144
287 0.5292360879715251
288 0.42100542967860544
289 0.42100542967860544
290 0.6676681023368282
291 0.4333125231264134
292 0.5610377903306495
293 0.5053075025902175
294 0.5053075025902175
295 0.3294516026756554
296 0.45846607355571456
297 0.5417059149243294
298 0.5417059149243294
299 0.39380195489565745
300 0.592749327962889
301 0.43767369547212226
302 0.6767967577413367
303 0.6164946218870423
304 0.36252892517501845
305 0.5765235362083971
306 0.45956905981490165
307 0.45956905981490165
308 0.7413380603107351
309 0.39629086095029026
310 0.6051307534918273
311 0.7773023050544876
312 0.8778313132268526
313 0.6248957751355302
314 0.4827614724635944
315 0.5798500024416504
316 0.5798500024416504
317 0.47487575466392085
318 0.33608778111402043
319 0.4360672592213011
