0 0.49529236054190695
1 0.5522907553455043
2 0.5522907553455043
3 0.8194068111424901
4 0.8194068111424901
5 0.8194068111424901
6 0.8194068111424901
7 0.7693901349874288
8 0.7693901349874288
9 0.7693901349874288
10 0.7693901349874288
11 0.9337664646374731
12 0.9337664646374731
13 0.9337664646374731
14 0.7964060415745399
15 0.7964060415745399
16 0.7964060415745399
17 0.7964060415745399
18 0.7714223920182744
19 0.7714223920182744
20 0.7714223920182744
21 0.8503888697168187
22 0.8503888697168187
23 0.8503888697168187
24 0.8503888697168187
25 0.8612263353509734
26 0.8612263353509734
27 0.8612263353509734
28 0.8612263353509734
29 1.0841376923155943
30 1.0841376923155943
31 1.0841376923155943
32 1.0841376923155943
33 0.7552304937962657
34 0.7552304937962657
35 0.7552304937962657
36 0.7552304937962657
37 0.9581773486242438
38 0.9581773486242438
39 0.9581773486242438
40 0.9581773486242438
41 0.9369844324765346
42 0.9369844324765346
43 0.9369844324765346
44 0.9369844324765346
45 0.9913863378914647
46 0.7876099517420291
47 0.7876099517420291
48 0.7876099517420291
49 0.7876099517420291
50 0.8777073854136274
51 0.8777073854136274
52 0.8777073854136274
53 0.8777073854136274
54 0.6911259808112424
55 0.6911259808112424
56 0.5201657838871309
57 0.5201657838871309
58 0.5201657838871309
59 0.5201657838871309
60 0.5357228073293159
61 0.5357228073293159
62 0.5357228073293159
63 0.5357228073293159
64 0.5049077831250842
65 0.5049077831250842
66 0.5049077831250842
67 0.5049077831250842
68 0.5753633742757936
69 0.5753633742757936
70 0.5753633742757936
71 0.5753633742757936
72 0.5725872332560239
73 0.5725872332560239
74 0.5725872332560239
75 0.5725872332560239
76 0.5567045465575303
77 0.5567045465575303
78 0.5567045465575303
79 0.5567045465575303
80 0.509878015004284
81 0.509878015004284
82 0.509878015004284
83 0.7979356342738697
84 0.7979356342738697
85 0.7979356342738697
86 0.7979356342738697
87 0.8374549346240554
88 0.8374549346240554
89 0.8374549346240554
90 0.8374549346240554
91 0.6833429695065214
92 0.6833429695065214
93 0.6216127209323302
94 0.6216127209323302
95 0.6216127209323302
96 0.6216127209323302
97 0.5600598647030491
98 0.5600598647030491
99 0.5600598647030491
100 0.5600598647030491
101 0.6052378889072808
102 0.6052378889072808
103 0.6052378889072808
104 0.6052378889072808
105 0.7214489346576205
106 0.7214489346576205
107 0.7214489346576205
108 0.7214489346576205
109 0.6787819659128715
110 0.6787819659128715
111 0.6787819659128715
112 0.6787819659128715
113 0.6031892547252948
114 0.6031892547252948
115 0.6031892547252948
116 0.6031892547252948
117 0.5865070156950214
118 0.5865070156950214
119 0.5865070156950214
120 0.5865070156950214
121 0.5581655114963052
122 0.5581655114963052
123 0.8531836866704493
124 0.8531836866704493
125 0.8531836866704493
126 0.8531836866704493
127 0.7793437720678615
128 0.7793437720678615
129 0.7793437720678615
130 0.7793437720678615
131 0.7883014627751764
132 0.7883014627751764
133 0.7883014627751764
134 0.7883014627751764
135 0.8736360600515182
136 0.8736360600515182
137 0.8736360600515182
138 0.8736360600515182
139 0.8116760944159048
140 0.8116760944159048
141 0.8116760944159048
142 0.8116760944159048
143 0.8907607430985284
144 0.8907607430985284
145 0.8907607430985284
146 0.8907607430985284
147 0.8319026790688304
148 0.8319026790688304
149 0.8319026790688304
150 0.8319026790688304
151 0.8978629570597423
152 0.8978629570597423
153 0.8978629570597423
154 0.8978629570597423
155 0.9085918106484021
156 0.9085918106484021
157 0.9085918106484021
158 0.9085918106484021
159 0.9749455796294774
160 0.9749455796294774
161 0.9749455796294774
162 0.9749455796294774
163 1.0777489507063123
164 1.0777489507063123
165 0.6203531320534845
166 0.6203531320534845
167 0.6203531320534845
168 0.8005810518603839
169 0.8005810518603839
170 0.8005810518603839
171 0.8005810518603839
172 1.008180697737124
173 1.008180697737124
174 1.008180697737124
175 0.7509656712154128
176 0.7509656712154128
177 0.9285632930899081
178 0.9285632930899081
179 0.9285632930899081
180 0.6235498791969117
181 0.6235498791969117
182 0.6235498791969117
183 0.6235498791969117
184 0.7032739705595569
185 0.7032739705595569
186 0.7032739705595569
187 0.7032739705595569
188 0.7024173439701208
189 0.7024173439701208
190 0.7024173439701208
191 0.7024173439701208
192 0.6059514752751405
193 0.6059514752751405
194 0.6059514752751405
195 0.6059514752751405
196 0.551669599927188
197 0.551669599927188
198 0.551669599927188
199 0.551669599927188
200 0.7215081435539368
201 0.7215081435539368
202 0.7215081435539368
203 0.7215081435539368
204 0.5492202650136181
205 0.5492202650136181
206 0.5492202650136181
207 0.5492202650136181
208 0.6503269957116925
209 0.6503269957116925
210 0.6503269957116925
211 0.6503269957116925
212 0.6529508577913515
213 0.6529508577913515
214 0.6529508577913515
215 0.6529508577913515
216 0.5875280007127806
217 0.5875280007127806
218 0.5875280007127806
219 0.5875280007127806
220 0.5515135663855139
221 0.5515135663855139
222 0.5515135663855139
223 0.9332329989821535
224 0.9332329989821535
225 0.9332329989821535
226 0.9332329989821535
227 0.9607910477981226
228 0.9607910477981226
229 0.9607910477981226
230 0.9607910477981226
231 0.8659687704814328
232 0.8659687704814328
233 0.8659687704814328
234 0.8659687704814328
235 0.8521248815711563
236 0.8521248815711563
237 0.8521248815711563
238 0.8521248815711563
239 0.8170176804631042
240 0.8170176804631042
241 0.8170176804631042
242 0.8170176804631042
243 0.8882337006423688
244 0.8882337006423688
245 0.8882337006423688
246 0.8882337006423688
247 0.9413557509025428
248 0.9413557509025428
249 0.9413557509025428
250 0.9413557509025428
251 0.9845005665058719
252 0.9845005665058719
253 0.6564911168665726
254 0.6564911168665726
255 0.6564911168665726
256 0.6564911168665726
257 0.8896907860358043
258 0.8896907860358043
259 0.8896907860358043
260 0.8896907860358043
261 0.8368751049149521
262 0.8368751049149521
263 0.8368751049149521
264 0.7917640684954449
265 0.7917640684954449
266 0.7917640684954449
267 0.7917640684954449
268 0.6734961175126634
269 0.6734961175126634
270 0.6734961175126634
271 0.6734961175126634
272 0.6054458176353249
273 0.6054458176353249
274 0.6054458176353249
275 0.6054458176353249
276 0.5865144729497572
277 0.5865144729497572
278 0.5865144729497572
279 0.5865144729497572
280 0.6118432343864084
281 0.6118432343864084
282 0.6118432343864084
283 0.6118432343864084
284 0.6806446348973729
285 0.6806446348973729
286 0.6806446348973729
287 0.6806446348973729
288 0.6492179905774348
289 0.6492179905774348
290 0.6492179905774348
291 0.6492179905774348
292 0.5640468249470119
293 0.5640468249470119
294 0.5640468249470119
295 0.5640468249470119
296 0.6428012808885833
297 0.6428012808885833
298 0.6428012808885833
299 0.6428012808885833
300 0.711233126356983
301 0.711233126356983
302 0.711233126356983
303 0.711233126356983
304 0.572134909413148
305 0.572134909413148
306 0.572134909413148
307 0.572134909413148
308 0.7756355981879395
309 0.7756355981879395
310 0.7756355981879395
311 0.7756355981879395
312 0.7072577681771959
313 0.7072577681771959
314 0.7072577681771959
315 0.7072577681771959
316 0.7780036188761063
317 0.7780036188761063
318 0.7780036188761063
319 0.7780036188761063
